Name;MP;Area;County;Electorate;CON;LAB;LIB;Reform;Green;NAT;MIN;OTH;CON chance;LAB chance;LIB chance;Reform chance;Green chance;NAT chance;MIN chance;OTH chance
Aldershot;Unknown (LAB gain from CON);12;Hampshire;72617;13010;13928;5413;6264;2337;0;0;549;0.419;0.549;0.012;0.019;0.000;0.000;0.000;0.000
Aldridge-Brownhills;Wendy Morton;7;Black Country;60138;13768;10240;2951;5469;1369;0;0;0;0.761;0.226;0.001;0.011;0.000;0.000;0.000;0.000
Altrincham and Sale West;Unknown (LAB gain from CON);4;Central Manchester;73107;11867;19689;4833;8328;4154;0;0;0;0.114;0.862;0.001;0.022;0.001;0.000;0.000;0.000
Amber Valley;Unknown (LAB gain from CON);8;Derbyshire;69976;11128;16025;2084;7022;2643;0;0;0;0.192;0.791;0.000;0.017;0.000;0.000;0.000;0.000
Arundel and South Downs;Andrew Griffith;12;West Sussex;81726;16589;11379;12326;9569;5097;0;0;439;0.583;0.158;0.186;0.071;0.002;0.000;0.000;0.000
Ashfield;Unknown (MIN gain from CON);8;Nottinghamshire;78204;3986;11509;2087;9165;1734;0;12277;0;0.021;0.308;0.002;0.482;0.003;0.000;0.183;0.000
Ashford;Damian Green;12;Kent;89553;16039;15144;5648;8652;3995;0;0;890;0.516;0.438;0.004;0.042;0.000;0.000;0.000;0.000
Ashton under Lyne;Angela Rayner;4;Eastern Manchester;67978;4400;19114;1209;5965;1873;0;0;0;0.001;0.994;0.000;0.005;0.000;0.000;0.000;0.000
Aylesbury;Unknown (LAB gain from CON);12;Buckinghamshire;86665;15092;16866;9413;8022;2980;0;0;564;0.380;0.542;0.048;0.029;0.000;0.000;0.000;0.000
Banbury;Unknown (LAB gain from CON);12;Oxfordshire;90116;14699;20077;7681;8479;3693;0;0;641;0.236;0.727;0.016;0.021;0.000;0.000;0.000;0.000
Barking;Margaret Hodge;11;Barking and Dagenham;77953;2337;22586;982;5128;1696;0;0;548;0.000;0.999;0.000;0.001;0.000;0.000;0.000;0.000
Barnsley Central;Dan Jarvis;5;South Yorkshire;65277;3084;17589;1572;7796;1925;0;0;1162;0.000;0.972;0.000;0.027;0.000;0.000;0.000;0.000
Barnsley East;Stephanie Peacock;5;South Yorkshire;69504;3612;17201;1600;8088;1909;0;0;1059;0.002;0.969;0.000;0.029;0.000;0.000;0.000;0.000
Barrow and Furness;Unknown (LAB gain from CON);4;Cumbria;70158;8530;19280;2227;6906;2077;0;0;622;0.030;0.961;0.000;0.008;0.000;0.000;0.000;0.000
Basildon and Billericay;John Baron;9;Essex;69906;14329;12668;3106;6007;2171;0;0;540;0.613;0.372;0.001;0.014;0.000;0.000;0.000;0.000
Basildon South and East Thurrock;Unknown (LAB gain from CON);9;Essex;74441;12104;13514;2943;6900;1709;0;0;1088;0.384;0.573;0.001;0.041;0.000;0.000;0.000;0.000
Basingstoke;Unknown (LAB gain from CON);12;Hampshire;82928;12605;18307;5710;7421;3148;0;0;812;0.198;0.777;0.008;0.016;0.001;0.000;0.000;0.000
Bassetlaw;Unknown (LAB gain from CON);8;Nottinghamshire;80024;10656;19238;2356;9038;2064;0;0;0;0.079;0.886;0.000;0.035;0.000;0.000;0.000;0.000
Bath;Wera Hobhouse;10;Bristol area;67805;6314;8516;24628;6631;2779;0;0;478;0.003;0.008;0.983;0.006;0.000;0.000;0.000;0.000
Batley and Spen;Tracy Brabin;5;West Yorkshire;79558;9638;16669;1724;5394;882;0;4420;1592;0.097;0.870;0.000;0.033;0.000;0.000;0.000;0.000
Battersea;Marsha De Cordova;11;Wandsworth;79350;7831;28401;4824;7245;4146;0;0;611;0.004;0.989;0.000;0.006;0.000;0.000;0.000;0.000
Beaconsfield;Joy Morrissey;12;Buckinghamshire;77720;17116;8241;12677;8364;3119;0;0;816;0.689;0.050;0.223;0.038;0.000;0.000;0.000;0.000
Beckenham;Unknown (LAB gain from CON);11;Bromley;68662;13838;15779;5794;7007;3121;0;0;575;0.367;0.611;0.008;0.013;0.000;0.000;0.000;0.000
Bedford;Mohammad Yasin;9;Bedfordshire;71581;6874;19038;3455;6067;2537;0;0;640;0.019;0.972;0.001;0.008;0.000;0.000;0.000;0.000
Bedfordshire Mid;Unknown (LAB gain from CON);9;Bedfordshire;87795;15989;16764;10259;8493;2336;0;0;849;0.401;0.492;0.064;0.042;0.000;0.000;0.000;0.000
Bedfordshire North East;Unknown (LAB gain from CON);9;Bedfordshire;90678;15794;18169;8025;9280;3309;0;0;899;0.348;0.589;0.019;0.043;0.000;0.000;0.000;0.000
Bedfordshire South West;Unknown (LAB gain from CON);9;Bedfordshire;79926;12653;16921;5759;7838;3120;0;0;869;0.236;0.724;0.009;0.030;0.000;0.000;0.000;0.000
Bermondsey and Old Southwark;Neil Coyle;11;Southwark;93248;2588;28276;9812;6609;3607;0;0;580;0.000;0.990;0.009;0.001;0.000;0.000;0.000;0.000
Berwick-upon-Tweed;Unknown (LAB gain from CON);3;Northumberland;59939;9951;10146;6544;6297;1896;0;0;234;0.413;0.475;0.056;0.055;0.000;0.000;0.000;0.000
Bethnal Green and Bow;Rushanara Ali;11;Tower Hamlets;88262;1291;34710;2175;5342;3221;0;0;999;0.000;1.000;0.000;0.000;0.000;0.000;0.000;0.000
Beverley and Holderness;Unknown (LAB gain from CON);5;Humber area;79696;13587;16599;6007;9138;2591;0;0;665;0.300;0.637;0.006;0.057;0.000;0.000;0.000;0.000
Bexhill and Battle;Huw Merriman;12;East Sussex;81963;16571;13747;8010;9384;3903;0;0;693;0.591;0.305;0.035;0.066;0.001;0.000;0.000;0.000
Bexleyheath and Crayford;Unknown (LAB gain from CON);11;Bexley;65466;11727;14527;2808;6046;1972;0;0;0;0.282;0.706;0.000;0.012;0.000;0.000;0.000;0.000
Birkenhead;Mick Whitley;4;Merseyside;63762;1540;19801;2137;6126;3843;0;0;1912;0.000;0.995;0.000;0.004;0.000;0.000;0.000;0.000
Birmingham Edgbaston;Preet Gill;7;Birmingham;68828;5049;19924;2062;4737;1846;0;0;477;0.002;0.997;0.000;0.001;0.000;0.000;0.000;0.000
Birmingham Erdington;Jack Dromey;7;Birmingham;66148;6448;14731;708;3404;813;0;0;472;0.028;0.970;0.000;0.001;0.000;0.000;0.000;0.000
Birmingham Hall Green;Tahir Ali;7;Birmingham;80283;2142;25095;1607;4400;1570;0;0;511;0.000;1.000;0.000;0.000;0.000;0.000;0.000;0.000
Birmingham Hodge Hill;Liam Byrne;7;Birmingham;78295;1079;19465;736;3137;1165;0;0;388;0.000;1.000;0.000;0.000;0.000;0.000;0.000;0.000
Birmingham Ladywood;Shabana Mahmood;7;Birmingham;74912;738;22663;839;2736;1396;0;0;0;0.000;1.000;0.000;0.000;0.000;0.000;0.000;0.000
Birmingham Northfield;Unknown (LAB gain from CON);7;Birmingham;73694;6472;18082;2165;5640;2152;0;0;665;0.017;0.975;0.000;0.007;0.000;0.000;0.000;0.000
Birmingham Perry Barr;Khalid Mahmood;7;Birmingham;72006;2555;20089;1402;4062;1231;0;0;423;0.000;0.999;0.000;0.000;0.000;0.000;0.000;0.000
Birmingham Selly Oak;Steve McCabe;7;Birmingham;82665;4580;25489;2263;5864;3115;0;0;607;0.001;0.997;0.000;0.002;0.000;0.000;0.000;0.000
Birmingham Yardley;Jess Phillips;7;Birmingham;74704;3220;17658;3276;5187;1533;0;0;0;0.001;0.994;0.001;0.004;0.000;0.000;0.000;0.000
Bishop Auckland;Unknown (LAB gain from CON);3;Durham;68170;7924;16815;2494;6964;1454;0;0;693;0.045;0.932;0.000;0.022;0.000;0.000;0.000;0.000
Blackburn;Kate Hollern;4;Lancashire;71234;2868;20767;733;4628;1181;0;0;512;0.000;1.000;0.000;0.000;0.000;0.000;0.000;0.000
Blackley and Broughton;Graham Stringer;4;Central Manchester;73372;1730;20387;888;4500;1639;0;0;669;0.000;1.000;0.000;0.000;0.000;0.000;0.000;0.000
Blackpool North and Cleveleys;Unknown (LAB gain from CON);4;Lancashire;63692;8718;15405;1601;5641;1644;0;0;659;0.089;0.900;0.000;0.010;0.000;0.000;0.000;0.000
Blackpool South;Unknown (LAB gain from CON);4;Lancashire;57690;5640;13862;1105;4885;1380;0;0;635;0.025;0.964;0.000;0.010;0.000;0.000;0.000;0.000
Blaydon;Liz Twist;3;Newcastle area;67853;5095;20724;3272;7999;2465;0;0;844;0.003;0.981;0.000;0.016;0.000;0.000;0.000;0.000
Blyth Valley;Unknown (LAB gain from CON);3;Northumberland;64429;6067;17852;2252;6502;1998;0;0;664;0.007;0.984;0.000;0.008;0.000;0.000;0.000;0.000
Bognor Regis and Littlehampton;Nick Gibb;12;West Sussex;77446;15275;13486;5945;7931;2788;0;0;825;0.564;0.387;0.016;0.033;0.000;0.000;0.000;0.000
Bolsover;Unknown (LAB gain from CON);8;Derbyshire;74292;7247;19405;2000;8013;2107;0;0;0;0.014;0.961;0.000;0.025;0.000;0.000;0.000;0.000
Bolton North East;Unknown (LAB gain from CON);4;Western Manchester;67564;6962;17581;1495;5575;1537;0;0;632;0.017;0.977;0.000;0.005;0.000;0.000;0.000;0.000
Bolton South East;Yasmin Qureshi;4;Western Manchester;69163;3384;17691;1048;5243;1366;0;0;745;0.000;0.998;0.000;0.002;0.000;0.000;0.000;0.000
Bolton West;Unknown (LAB gain from CON);4;Western Manchester;73191;9264;19548;2857;7599;2276;0;0;1041;0.047;0.935;0.000;0.017;0.000;0.000;0.000;0.000
Bootle;Peter Dowd;4;Merseyside;74832;1522;34775;1569;5554;2375;0;0;0;0.000;1.000;0.000;0.000;0.000;0.000;0.000;0.000
Boston and Skegness;Matt Warman;8;Lincolnshire;69381;10719;9844;2243;8134;1480;0;0;1410;0.483;0.371;0.000;0.145;0.000;0.000;0.000;0.000
Bosworth;Luke Evans;8;Leicestershire;81542;14782;13687;8866;9146;2817;0;0;690;0.490;0.395;0.053;0.061;0.000;0.000;0.000;0.000
Bournemouth East;Unknown (LAB gain from CON);10;Dorset;74125;10163;16197;4771;6984;3678;0;0;902;0.146;0.812;0.009;0.029;0.002;0.000;0.000;0.000
Bournemouth West;Unknown (LAB gain from CON);10;Dorset;74205;9668;15263;5610;6574;3242;0;0;798;0.148;0.803;0.018;0.030;0.000;0.000;0.000;0.000
Bracknell;Unknown (LAB gain from CON);12;Berkshire;78978;15068;16319;5880;7461;3274;0;0;633;0.414;0.557;0.007;0.021;0.001;0.000;0.000;0.000
Bradford East;Imran Hussain;5;West Yorkshire;73206;2117;18954;1713;4785;1363;0;0;608;0.000;0.998;0.000;0.002;0.000;0.000;0.000;0.000
Bradford South;Judith Cummins;5;West Yorkshire;69046;4032;15578;1053;5510;1911;0;0;832;0.002;0.989;0.000;0.008;0.000;0.000;0.000;0.000
Bradford West;Naz Shah;5;West Yorkshire;70694;1405;21812;469;3459;1001;0;0;372;0.000;1.000;0.000;0.000;0.000;0.000;0.000;0.000
Braintree;James Cleverly;9;Essex;75208;15050;13476;4631;7493;2073;0;0;793;0.580;0.390;0.004;0.026;0.000;0.000;0.000;0.000
Brent Central;Dawn Butler;11;Brent;84032;2476;26482;2072;5148;2700;0;0;468;0.000;1.000;0.000;0.000;0.000;0.000;0.000;0.000
Brent North;Barry Gardiner;11;Brent;83788;6432;24708;2076;5752;1676;0;0;599;0.001;0.998;0.000;0.001;0.000;0.000;0.000;0.000
Brentford and Isleworth;Ruth Cadbury;11;Hounslow;85775;7381;28476;3441;7242;3333;0;0;647;0.004;0.994;0.000;0.002;0.000;0.000;0.000;0.000
Brentwood and Ongar;Alex Burghart;9;Essex;75255;18754;11475;7813;7935;2693;0;0;496;0.821;0.135;0.023;0.021;0.000;0.000;0.000;0.000
Bridgwater and West Somerset;Ian Liddell-Grainger;10;Somerset;85327;15386;14119;9135;8499;2607;0;0;438;0.517;0.379;0.058;0.045;0.000;0.000;0.000;0.000
Brigg and Goole;Unknown (LAB gain from CON);5;Humber area;65939;12238;12342;2663;6833;1787;0;0;450;0.478;0.493;0.000;0.029;0.000;0.000;0.000;0.000
Brighton Kemptown;Lloyd Russell-Moyle;12;East Sussex;69833;6415;24690;2362;6329;3791;0;0;587;0.003;0.996;0.000;0.001;0.000;0.000;0.000;0.000
Brighton Pavilion;Caroline Lucas;12;East Sussex;79057;3403;18995;4017;6908;23104;0;0;846;0.001;0.308;0.001;0.003;0.686;0.000;0.000;0.000
Bristol East;Kerry McCarthy;10;Bristol area;73867;9194;24879;3526;0;4674;0;0;815;0.019;0.981;0.000;0.000;0.000;0.000;0.000;0.000
Bristol North West;Darren Jones;10;Bristol area;76273;8582;24118;4433;6842;3773;0;0;622;0.017;0.971;0.002;0.009;0.001;0.000;0.000;0.000
Bristol South;Karin Smyth;10;Bristol area;84079;5202;24223;4629;7908;5513;0;0;973;0.003;0.981;0.002;0.013;0.001;0.000;0.000;0.000
Bristol West;Thangam Debbonaire;10;Bristol area;99253;2069;29415;4649;7094;22578;0;0;1337;0.000;0.751;0.001;0.003;0.244;0.000;0.000;0.000
Broadland;Jerome Mayhew;9;Norfolk;78151;14080;13402;10546;8396;2960;0;0;369;0.446;0.365;0.134;0.054;0.000;0.000;0.000;0.000
Bromley and Chislehurst;Unknown (LAB gain from CON);11;Bromley;66697;11284;15294;4907;6388;2663;0;0;627;0.230;0.748;0.005;0.016;0.000;0.000;0.000;0.000
Bromsgrove;Sajid Javid;7;Hereford and Worcestershire;75078;16483;15264;6014;7979;2888;0;0;0;0.549;0.418;0.003;0.029;0.000;0.000;0.000;0.000
Broxbourne;Charles Walker;9;Hertfordshire;73182;14830;13290;3789;6472;2298;0;0;631;0.584;0.395;0.005;0.016;0.000;0.000;0.000;0.000
Broxtowe;Unknown (LAB gain from CON);8;Nottinghamshire;73052;10350;22847;1988;7890;3015;0;0;1301;0.040;0.951;0.000;0.009;0.000;0.000;0.000;0.000
Buckingham;Greg Smith;12;Buckinghamshire;83146;19916;14181;11878;8936;2664;0;0;347;0.699;0.195;0.085;0.020;0.000;0.000;0.000;0.000
Burnley;Unknown (LAB gain from CON);4;Lancashire;64345;5076;12680;2608;6258;1785;0;0;833;0.021;0.923;0.001;0.054;0.001;0.000;0.000;0.000
Burton;Unknown (LAB gain from CON);7;Staffordshire;75036;12556;16424;2400;6170;2126;0;0;474;0.255;0.735;0.000;0.010;0.000;0.000;0.000;0.000
Bury North;Unknown (LAB gain from CON);4;Western Manchester;68802;7950;20241;1670;6269;1920;0;0;724;0.014;0.979;0.000;0.006;0.000;0.000;0.000;0.000
Bury South;Unknown (LAB gain from CON);4;Western Manchester;75152;7103;22175;2008;7402;2452;0;0;1218;0.006;0.983;0.000;0.010;0.000;0.000;0.000;0.000
Bury St Edmunds;Jo Churchill;9;Suffolk;89644;15576;14204;4651;9199;7989;0;0;897;0.529;0.375;0.006;0.062;0.028;0.000;0.000;0.000
Calder Valley;Unknown (LAB gain from CON);5;West Yorkshire;79287;11243;24110;3314;8039;2298;0;0;641;0.034;0.961;0.000;0.005;0.000;0.000;0.000;0.000
Camberwell and Peckham;Harriet Harman;11;Southwark;88971;1504;35921;2553;5545;4487;0;0;519;0.000;1.000;0.000;0.000;0.000;0.000;0.000;0.000
Camborne and Redruth;Unknown (LAB gain from CON);10;Cornwall;70250;10382;17058;5770;6861;2211;0;0;496;0.131;0.834;0.014;0.020;0.000;0.000;0.000;0.000
Cambridge;Daniel Zeichner;9;Cambridgeshire;79951;7470;25978;11256;0;5539;0;0;560;0.006;0.968;0.025;0.000;0.000;0.000;0.000;0.000
Cambridgeshire North East;Steve Barclay;9;Cambridgeshire;83699;16749;12342;5388;7583;2206;0;0;626;0.727;0.238;0.005;0.030;0.000;0.000;0.000;0.000
Cambridgeshire North West;Unknown (LAB gain from CON);9;Cambridgeshire;94909;16652;17379;7407;8972;3554;0;0;0;0.461;0.498;0.013;0.028;0.000;0.000;0.000;0.000
Cambridgeshire South;Unknown (LIB gain from CON);9;Cambridgeshire;87288;12918;12795;23576;8972;2824;0;0;318;0.078;0.070;0.839;0.012;0.000;0.000;0.000;0.000
Cambridgeshire South East;Unknown (LIB gain from CON);9;Cambridgeshire;86769;13929;13669;18865;8704;2550;0;0;436;0.186;0.182;0.611;0.020;0.000;0.000;0.000;0.000
Cannock Chase;Unknown (LAB gain from CON);7;Staffordshire;74813;12953;14102;2307;6634;2885;0;0;0;0.389;0.588;0.000;0.022;0.000;0.000;0.000;0.000
Canterbury;Rosie Duffield;12;Kent;80203;10837;25394;4587;7893;3654;0;0;614;0.029;0.957;0.001;0.011;0.001;0.000;0.000;0.000
Carlisle;Unknown (LAB gain from CON);4;Cumbria;65105;8075;16866;2399;6499;1896;0;0;773;0.046;0.943;0.000;0.010;0.000;0.000;0.000;0.000
Carshalton and Wallington;Unknown (LIB gain from CON);11;Sutton;72941;8963;8846;14969;6890;2085;0;0;570;0.100;0.116;0.750;0.033;0.000;0.000;0.000;0.000
Castle Point;Rebecca Harris;9;Essex;69608;14165;11688;3440;8246;2049;0;0;0;0.620;0.305;0.001;0.073;0.000;0.000;0.000;0.000
Charnwood;Edward Argar;8;Leicestershire;79534;15198;15177;3755;8118;3130;0;0;886;0.481;0.486;0.000;0.033;0.000;0.000;0.000;0.000
Chatham and Aylesford;Unknown (LAB gain from CON);12;Kent;71642;12177;14044;3040;6071;2133;0;0;568;0.369;0.608;0.001;0.021;0.000;0.000;0.000;0.000
Cheadle;Unknown (LIB gain from CON);4;Eastern Manchester;74577;11203;11159;15800;8303;2607;0;0;721;0.156;0.181;0.618;0.044;0.000;0.000;0.000;0.000
Chelmsford;Unknown (LAB gain from CON);9;Essex;80394;13183;14155;13513;8260;2671;0;0;744;0.289;0.373;0.302;0.036;0.000;0.000;0.000;0.000
Chelsea and Fulham;Unknown (LAB gain from CON);11;Hammersmith and Fulham;67110;12040;15766;6158;6215;2866;0;0;557;0.248;0.728;0.006;0.017;0.000;0.000;0.000;0.000
Cheltenham;Unknown (LIB gain from CON);10;Gloucestershire;81044;17633;8441;24019;0;3407;0;0;551;0.222;0.009;0.768;0.000;0.000;0.000;0.000;0.000
Chesham and Amersham;Unknown (LIB gain from CON);12;Buckinghamshire;72542;17643;4568;19822;6481;2424;0;0;489;0.391;0.001;0.604;0.003;0.000;0.000;0.000;0.000
Chester, City of;Chris Matheson;4;Cheshire;76057;8787;26947;3181;6936;2324;0;0;960;0.007;0.991;0.000;0.001;0.000;0.000;0.000;0.000
Chesterfield;Toby Perkins;8;Derbyshire;71034;6268;19839;3100;7769;2523;0;0;823;0.012;0.970;0.000;0.018;0.000;0.000;0.000;0.000
Chichester;Gillian Keegan;12;West Sussex;85499;15720;12720;13416;9734;4462;0;0;659;0.462;0.212;0.249;0.075;0.002;0.000;0.000;0.000
Chingford and Woodford Green;Unknown (LAB gain from CON);11;Waltham Forest;65393;9391;19843;2453;5871;1934;0;0;0;0.040;0.959;0.000;0.001;0.000;0.000;0.000;0.000
Chippenham;Unknown (LIB gain from CON);10;Wiltshire;77221;14359;9713;16651;7560;2075;0;0;459;0.327;0.072;0.580;0.020;0.000;0.000;0.000;0.000
Chipping Barnet;Unknown (LAB gain from CON);11;Barnet;79960;11608;24559;3623;7322;3250;0;0;614;0.038;0.957;0.000;0.004;0.000;0.000;0.000;0.000
Chorley;Lindsay Hoyle;4;Lancashire;78177;0;33548;0;0;8240;0;0;1150;0.000;1.000;0.000;0.000;0.000;0.000;0.000;0.000
Christchurch;Christopher Chope;10;Dorset;71520;17546;10458;7727;8088;2872;0;0;829;0.817;0.114;0.028;0.039;0.001;0.000;0.000;0.000
Cities of London and Westminster;Unknown (LAB gain from CON);11;City of Westminster;63700;8338;15652;6245;5525;2863;0;0;522;0.077;0.894;0.017;0.011;0.000;0.000;0.000;0.000
Clacton;Giles Watling;9;Essex;70930;13794;10258;3449;7352;1917;0;0;1004;0.714;0.228;0.002;0.055;0.000;0.000;0.000;0.000
Cleethorpes;Unknown (LAB gain from CON);5;Humber area;73689;13419;13769;2980;7096;1871;0;0;645;0.462;0.508;0.000;0.029;0.000;0.000;0.000;0.000
Colchester;Unknown (LAB gain from CON);9;Essex;82625;10412;17687;6883;6973;3232;0;0;602;0.127;0.835;0.019;0.018;0.000;0.000;0.000;0.000
Colne Valley;Unknown (LAB gain from CON);5;West Yorkshire;84174;10468;24089;3399;8559;2891;0;0;862;0.027;0.960;0.000;0.013;0.000;0.000;0.000;0.000
Congleton;Unknown (LAB gain from CON);4;Cheshire;80930;15103;18278;5048;8792;2983;0;0;858;0.310;0.656;0.001;0.032;0.000;0.000;0.000;0.000
Copeland;Unknown (LAB gain from CON);4;Cumbria;61693;7937;17625;1899;6272;1821;0;0;333;0.027;0.966;0.000;0.007;0.000;0.000;0.000;0.000
Corby;Unknown (LAB gain from CON);8;Northamptonshire;86153;12489;24620;3327;8520;2380;0;0;583;0.065;0.924;0.000;0.011;0.000;0.000;0.000;0.000
Cornwall North;Unknown (LIB gain from CON);10;Cornwall;69935;12664;6949;14432;7505;1606;0;0;309;0.336;0.034;0.591;0.039;0.000;0.000;0.000;0.000
Cornwall South East;Sheryll Murray;10;Cornwall;71825;13772;12067;9149;7519;2231;0;0;322;0.516;0.333;0.109;0.042;0.000;0.000;0.000;0.000
Cotswolds, The;Geoffrey Clifton-Brown;10;Gloucestershire;81939;16396;11037;15563;9200;3847;0;0;366;0.478;0.101;0.378;0.040;0.002;0.000;0.000;0.000
Coventry North East;Colleen Fletcher;7;Coventry and Solihull;76006;4318;21199;1563;5159;1775;0;0;583;0.000;0.998;0.000;0.002;0.000;0.000;0.000;0.000
Coventry North West;Taiwo Owatemi;7;Coventry and Solihull;75247;7527;19894;2739;6147;2412;0;0;695;0.022;0.970;0.000;0.007;0.001;0.000;0.000;0.000
Coventry South;Zarah Sultana;7;Coventry and Solihull;70979;7547;20029;2439;5410;2004;0;0;555;0.021;0.975;0.000;0.004;0.000;0.000;0.000;0.000
Crawley;Unknown (LAB gain from CON);12;West Sussex;74207;10469;19042;2248;5916;2166;0;0;549;0.087;0.902;0.000;0.010;0.000;0.000;0.000;0.000
Crewe and Nantwich;Unknown (LAB gain from CON);4;Cheshire;80321;11425;21920;2281;7807;2544;0;0;794;0.059;0.928;0.000;0.012;0.000;0.000;0.000;0.000
Croydon Central;Sarah Jones;11;Croydon;81407;7199;24835;2811;6423;2443;0;0;657;0.004;0.994;0.000;0.002;0.000;0.000;0.000;0.000
Croydon North;Steve Reed;11;Croydon;88468;2388;30126;2134;5638;3018;0;0;630;0.000;1.000;0.000;0.000;0.000;0.000;0.000;0.000
Croydon South;Unknown (LAB gain from CON);11;Croydon;83982;14549;19595;5545;7453;2688;0;0;694;0.220;0.766;0.003;0.010;0.000;0.000;0.000;0.000
Dagenham and Rainham;Jon Cruddas;11;Barking and Dagenham;71045;5773;18113;1341;5975;1848;0;0;747;0.003;0.988;0.000;0.008;0.000;0.000;0.000;0.000
Darlington;Unknown (LAB gain from CON);3;Durham;66397;7459;17583;2083;6401;2491;0;0;0;0.023;0.965;0.000;0.012;0.000;0.000;0.000;0.000
Dartford;Unknown (LAB gain from CON);12;Kent;82209;14900;17190;3749;7238;2549;0;0;0;0.352;0.632;0.001;0.014;0.001;0.000;0.000;0.000
Daventry;Chris Heaton-Harris;8;Northamptonshire;77423;16896;15146;5999;8571;2880;0;0;0;0.574;0.396;0.001;0.028;0.000;0.000;0.000;0.000
Denton and Reddish;Andrew Gwynne;4;Eastern Manchester;66234;4035;19737;1416;6088;2228;0;0;782;0.000;0.994;0.000;0.005;0.000;0.000;0.000;0.000
Derby North;Unknown (LAB gain from CON);8;Derbyshire;73199;7789;20424;2730;6746;2349;0;0;0;0.016;0.976;0.001;0.007;0.000;0.000;0.000;0.000
Derby South;Margaret Beckett;8;Derbyshire;73062;3705;18856;1334;5722;1524;0;0;1141;0.001;0.998;0.000;0.001;0.000;0.000;0.000;0.000
Derbyshire Dales;Unknown (LAB gain from CON);8;Derbyshire;65080;12174;14063;5962;8146;3210;0;0;423;0.346;0.579;0.012;0.062;0.000;0.000;0.000;0.000
Derbyshire Mid;Unknown (LAB gain from CON);8;Derbyshire;67442;12305;15173;3823;7456;3194;0;0;920;0.314;0.649;0.001;0.035;0.000;0.000;0.000;0.000
Derbyshire North East;Unknown (LAB gain from CON);8;Derbyshire;72345;11737;18163;2929;7647;2523;0;0;678;0.149;0.830;0.000;0.020;0.000;0.000;0.000;0.000
Derbyshire South;Unknown (LAB gain from CON);8;Derbyshire;79331;13361;18325;2988;7867;2906;0;0;565;0.229;0.753;0.000;0.018;0.000;0.000;0.000;0.000
Devizes;Danny Kruger;10;Wiltshire;73372;14574;11560;8352;7075;2642;0;0;328;0.631;0.271;0.065;0.033;0.000;0.000;0.000;0.000
Devon Central;Unknown (LAB gain from CON);10;Devon;74926;12797;13969;11255;8479;3648;0;0;294;0.325;0.439;0.178;0.055;0.001;0.000;0.000;0.000
Devon East;Simon Jupp;10;Devon;87168;21028;11541;11444;9426;2400;0;0;438;0.817;0.087;0.072;0.024;0.000;0.000;0.000;0.000
Devon North;Unknown (LIB gain from CON);10;Devon;75859;12199;7514;16399;8370;2611;0;0;425;0.236;0.037;0.683;0.043;0.000;0.000;0.000;0.000
Devon South West;Gary Streeter;10;Devon;72535;14425;13862;7020;7733;3079;0;0;738;0.493;0.435;0.026;0.045;0.000;0.000;0.000;0.000
Devon West and Torridge;Geoffrey Cox;10;Devon;80403;14646;12020;10319;9217;3246;0;0;737;0.516;0.254;0.140;0.089;0.001;0.000;0.000;0.000
Dewsbury;Unknown (LAB gain from CON);5;West Yorkshire;81253;9267;22366;2173;7274;2089;0;0;599;0.019;0.973;0.000;0.008;0.000;0.000;0.000;0.000
Don Valley;Unknown (LAB gain from CON);5;South Yorkshire;75356;7625;18618;2195;7994;1979;0;0;921;0.024;0.956;0.000;0.020;0.000;0.000;0.000;0.000
Doncaster Central;Rosie Winterton;5;South Yorkshire;71389;5327;18165;1624;7189;1909;0;0;1009;0.007;0.976;0.000;0.017;0.000;0.000;0.000;0.000
Doncaster North;Ed Miliband;5;South Yorkshire;72362;9958;19728;2401;0;2614;0;0;1222;0.046;0.954;0.000;0.000;0.000;0.000;0.000;0.000
Dorset Mid and Poole North;Michael Tomlinson;10;Dorset;65427;18493;8122;14781;0;3119;0;0;392;0.708;0.016;0.276;0.000;0.000;0.000;0.000;0.000
Dorset North;Simon Hoare;10;Dorset;76765;18282;10204;11004;7750;2462;0;0;337;0.794;0.086;0.097;0.022;0.000;0.000;0.000;0.000
Dorset South;Unknown (LAB gain from CON);10;Dorset;73809;12110;14325;6379;7992;3240;0;0;800;0.330;0.584;0.028;0.056;0.001;0.000;0.000;0.000
Dorset West;Chris Loder;10;Dorset;81897;21228;10513;18677;0;4191;0;0;402;0.614;0.026;0.360;0.000;0.000;0.000;0.000;0.000
Dover;Unknown (LAB gain from CON);12;Kent;76355;13179;18645;3263;7021;2478;0;0;518;0.197;0.791;0.000;0.010;0.001;0.000;0.000;0.000
Dudley North;Unknown (LAB gain from CON);7;Black Country;61936;8643;12633;1587;4740;1315;0;0;450;0.181;0.805;0.000;0.013;0.000;0.000;0.000;0.000
Dudley South;Unknown (LAB gain from CON);7;Black Country;60731;10697;10957;2397;5012;1453;0;0;495;0.465;0.522;0.000;0.013;0.000;0.000;0.000;0.000
Dulwich and West Norwood;Helen Hayes;11;Lambeth;80331;2631;33162;2336;6055;7017;0;0;508;0.000;1.000;0.000;0.000;0.000;0.000;0.000;0.000
Durham North;Kevan Jones;3;Durham;66796;4025;19349;2450;7102;2084;0;0;1132;0.001;0.990;0.000;0.009;0.000;0.000;0.000;0.000
Durham North West;Unknown (LAB gain from CON);3;Durham;72166;6336;19874;3320;7864;2186;0;0;630;0.006;0.972;0.000;0.021;0.000;0.000;0.000;0.000
Durham, City of;Mary Foy;3;Durham;71271;4611;21573;6384;7490;3087;0;0;597;0.002;0.981;0.003;0.013;0.000;0.000;0.000;0.000
Ealing Central and Acton;Rupa Huq;11;Ealing;75510;5259;26968;4995;6792;3761;0;0;612;0.000;0.999;0.000;0.001;0.000;0.000;0.000;0.000
Ealing North;James Murray;11;Ealing;74473;4446;25149;1793;5530;2417;0;0;491;0.000;0.999;0.000;0.000;0.000;0.000;0.000;0.000
Ealing Southall;Virendra Sharma;11;Ealing;64581;2933;22227;1608;4501;1830;0;0;436;0.000;0.999;0.000;0.001;0.000;0.000;0.000;0.000
Easington;Grahame Morris;3;Durham;61182;2668;16942;1500;6334;1336;0;0;969;0.000;0.986;0.000;0.014;0.000;0.000;0.000;0.000
East Ham;Stephen Timms;11;Newham;88319;1608;31195;947;4494;1618;0;0;465;0.000;1.000;0.000;0.000;0.000;0.000;0.000;0.000
Eastbourne;Unknown (LIB gain from CON);12;East Sussex;79307;12537;6870;19586;7804;1974;0;0;565;0.162;0.013;0.813;0.011;0.000;0.000;0.000;0.000
Eastleigh;Unknown (LIB gain from CON);12;Hampshire;83880;13648;11172;16716;8494;2953;0;0;623;0.269;0.115;0.583;0.032;0.001;0.000;0.000;0.000
Eddisbury;Unknown (LAB gain from CON);4;Cheshire;73700;13162;16255;5882;7964;2562;0;0;553;0.287;0.671;0.009;0.032;0.000;0.000;0.000;0.000
Edmonton;Kate Osamor;11;Enfield;65747;2163;21020;1264;4223;1920;0;0;456;0.000;1.000;0.000;0.000;0.000;0.000;0.000;0.000
Ellesmere Port and Neston;Justin Madders;4;Cheshire;70327;6274;23763;2227;7354;3150;0;0;830;0.002;0.992;0.000;0.005;0.000;0.000;0.000;0.000
Elmet and Rothwell;Unknown (LAB gain from CON);5;West Yorkshire;80957;14396;20022;4059;9029;3328;0;0;802;0.218;0.760;0.000;0.022;0.000;0.000;0.000;0.000
Eltham;Clive Efford;11;Greenwich;64086;5879;20359;2151;5832;2463;0;0;608;0.006;0.991;0.000;0.003;0.000;0.000;0.000;0.000
Enfield North;Feryal Clark;11;Enfield;68301;5358;21010;1986;5306;2366;0;0;541;0.001;0.997;0.000;0.001;0.000;0.000;0.000;0.000
Enfield Southgate;Bambos Charalambous;11;Enfield;65525;7981;21682;2657;5894;2673;0;0;533;0.013;0.984;0.000;0.003;0.000;0.000;0.000;0.000
Epping Forest;Eleanor Laing;9;Essex;74304;19523;14220;5750;0;3946;0;0;1026;0.767;0.230;0.002;0.000;0.000;0.000;0.000;0.000
Epsom and Ewell;Unknown (LAB gain from CON);12;Surrey;81138;14483;14765;9600;8952;3937;0;0;1558;0.404;0.444;0.080;0.070;0.001;0.000;0.000;0.000
Erewash;Unknown (LAB gain from CON);8;Derbyshire;72523;10250;19197;1985;6890;2518;0;0;757;0.073;0.915;0.000;0.012;0.000;0.000;0.000;0.000
Erith and Thamesmead;Abena Oppong-Asare;11;Bexley;65399;4477;19102;1464;5016;1906;0;0;532;0.000;0.997;0.000;0.003;0.000;0.000;0.000;0.000
Esher and Walton;Unknown (LIB gain from CON);12;Surrey;81184;15907;10788;18506;8808;3264;0;0;992;0.334;0.072;0.566;0.028;0.000;0.000;0.000;0.000
Exeter;Ben Bradshaw;10;Devon;82054;6433;27605;2833;7514;5848;0;0;937;0.005;0.988;0.000;0.006;0.001;0.000;0.000;0.000
Fareham;Suella Braverman;12;Hampshire;78337;18016;14126;8602;8070;3119;0;0;679;0.662;0.288;0.029;0.020;0.000;0.000;0.000;0.000
Faversham and Kent Mid;Helen Whately;12;Kent;73403;14372;12608;5816;7457;3188;0;0;646;0.601;0.348;0.012;0.039;0.000;0.000;0.000;0.000
Feltham and Heston;Seema Malhotra;11;Hounslow;80934;5475;22307;1452;5421;1596;0;0;552;0.001;0.998;0.000;0.001;0.000;0.000;0.000;0.000
Filton and Bradley Stoke;Unknown (LAB gain from CON);10;Bristol area;74016;11054;20919;5038;6927;2884;0;0;0;0.081;0.904;0.003;0.011;0.000;0.000;0.000;0.000
Finchley and Golders Green;Unknown (LAB gain from CON);11;Barnet;77573;11221;19340;7129;6816;3130;0;0;589;0.094;0.889;0.007;0.009;0.000;0.000;0.000;0.000
Folkestone and Hythe;Damian Collins;12;Kent;88272;15257;14211;5552;9077;4723;0;0;783;0.527;0.394;0.013;0.064;0.002;0.000;0.000;0.000
Forest of Dean;Unknown (LAB gain from CON);10;Gloucestershire;71438;10783;13279;3610;8301;5382;0;0;788;0.276;0.597;0.006;0.112;0.008;0.000;0.000;0.000
Fylde;Unknown (LAB gain from CON);4;Lancashire;66847;12164;14419;3452;7562;2356;0;0;963;0.320;0.634;0.001;0.045;0.000;0.000;0.000;0.000
Gainsborough;Unknown (LAB gain from CON);8;Lincolnshire;76343;13210;14131;6079;8565;1919;0;0;569;0.400;0.522;0.017;0.060;0.000;0.000;0.000;0.000
Garston and Halewood;Maria Eagle;4;Merseyside;76116;2136;33906;3525;7107;2828;0;0;974;0.000;1.000;0.000;0.000;0.000;0.000;0.000;0.000
Gateshead;Ian Mearns;3;Newcastle area;64449;3449;20670;2298;5480;2302;0;0;583;0.000;0.998;0.000;0.002;0.000;0.000;0.000;0.000
Gedling;Unknown (LAB gain from CON);8;Nottinghamshire;71366;8047;22909;2067;7167;2690;0;0;737;0.015;0.978;0.000;0.007;0.000;0.000;0.000;0.000
Gillingham and Rainham;Unknown (LAB gain from CON);12;Kent;73549;12765;15594;2667;6013;2094;0;0;609;0.314;0.674;0.000;0.011;0.000;0.000;0.000;0.000
Gloucester;Unknown (LAB gain from CON);10;Gloucestershire;80901;10979;19494;4947;6971;2376;0;0;749;0.097;0.882;0.004;0.017;0.000;0.000;0.000;0.000
Gosport;Caroline Dinenage;12;Hampshire;73541;14707;12793;6314;7096;2538;0;0;635;0.600;0.354;0.019;0.026;0.000;0.000;0.000;0.000
Grantham and Stamford;Unknown (LAB gain from CON);8;Lincolnshire;81502;14623;14714;5036;9329;3271;0;0;1181;0.460;0.471;0.003;0.065;0.000;0.000;0.000;0.000
Gravesham;Unknown (LAB gain from CON);12;Kent;73242;13232;16018;2587;6245;2111;0;0;0;0.331;0.657;0.000;0.012;0.000;0.000;0.000;0.000
Great Grimsby;Unknown (LAB gain from CON);5;Humber area;61409;6067;12598;1703;5378;1324;0;0;805;0.042;0.932;0.000;0.026;0.000;0.000;0.000;0.000
Great Yarmouth;Unknown (LAB gain from CON);9;Norfolk;71957;12126;13426;2603;6075;1754;0;0;475;0.364;0.613;0.000;0.023;0.000;0.000;0.000;0.000
Greenwich and Woolwich;Matthew Pennycook;11;Greenwich;79997;3146;29011;2915;6217;3658;0;0;541;0.000;1.000;0.000;0.000;0.000;0.000;0.000;0.000
Guildford;Unknown (LIB gain from CON);12;Surrey;77729;13062;11042;17487;8051;2930;0;0;988;0.201;0.120;0.647;0.030;0.000;0.000;0.000;0.000
Hackney North and Stoke Newington;Diane Abbott;11;Hackney;92462;1719;36935;3052;5844;5669;0;0;611;0.000;1.000;0.000;0.000;0.000;0.000;0.000;0.000
Hackney South and Shoreditch;Meg Hillier;11;Hackney;89387;1387;36091;2503;5383;4632;0;0;534;0.000;1.000;0.000;0.000;0.000;0.000;0.000;0.000
Halesowen and Rowley Regis;Unknown (LAB gain from CON);7;Black Country;68300;10263;14701;1998;5337;1650;0;0;514;0.195;0.797;0.000;0.008;0.000;0.000;0.000;0.000
Halifax;Holly Lynch;5;West Yorkshire;71887;6059;19145;1623;6268;2134;0;0;755;0.006;0.987;0.000;0.007;0.000;0.000;0.000;0.000
Haltemprice and Howden;Unknown (LAB gain from CON);5;Humber area;71083;13502;14871;5074;8250;2822;0;0;771;0.384;0.569;0.003;0.043;0.000;0.000;0.000;0.000
Halton;Derek Twigg;4;Cheshire;71930;3170;27425;1682;6823;2357;0;0;789;0.000;0.999;0.000;0.001;0.000;0.000;0.000;0.000
Hammersmith;Andy Slaughter;11;Hammersmith and Fulham;74759;3737;28746;3454;6354;3694;0;0;579;0.000;0.999;0.000;0.000;0.000;0.000;0.000;0.000
Hampshire East;Damian Hinds;12;Hampshire;76478;16196;11023;12296;8362;3528;0;0;626;0.608;0.141;0.208;0.042;0.001;0.000;0.000;0.000
Hampshire North East;Ranil Jayawardena;12;Hampshire;78954;16647;12039;11504;8486;3369;0;0;889;0.598;0.196;0.158;0.047;0.000;0.000;0.000;0.000
Hampshire North West;Kit Malthouse;12;Hampshire;83083;17307;13793;9670;8159;3124;0;0;526;0.632;0.281;0.063;0.024;0.000;0.000;0.000;0.000
Hampstead and Kilburn;Tulip Siddiq;11;Camden;86571;5295;28791;6500;7517;4785;0;0;664;0.000;0.995;0.002;0.002;0.000;0.000;0.000;0.000
Harborough;Unknown (LAB gain from CON);8;Leicestershire;80151;13175;16151;7846;8607;3080;0;0;818;0.293;0.628;0.027;0.051;0.000;0.000;0.000;0.000
Harlow;Unknown (LAB gain from CON);9;Essex;68078;11115;15106;2528;5799;1615;0;0;573;0.220;0.767;0.000;0.013;0.000;0.000;0.000;0.000
Harrogate and Knaresborough;Unknown (LIB gain from CON);5;North Yorkshire;77941;14389;10907;15220;8663;2575;0;0;744;0.372;0.146;0.438;0.043;0.000;0.000;0.000;0.000
Harrow East;Unknown (LAB gain from CON);11;Harrow;72106;11976;17666;2571;5612;1129;0;0;561;0.162;0.834;0.000;0.004;0.000;0.000;0.000;0.000
Harrow West;Gareth Thomas;11;Harrow;72464;6291;23133;2056;5365;1760;0;0;536;0.002;0.998;0.000;0.000;0.000;0.000;0.000;0.000
Hartlepool;Mike Hill;3;Teesside;70855;10889;12397;1176;5687;963;0;1675;1752;0.348;0.606;0.000;0.046;0.000;0.000;0.000;0.000
Harwich and North Essex;Unknown (LAB gain from CON);9;Essex;74153;14135;14789;6519;7524;2738;0;0;0;0.444;0.514;0.014;0.027;0.000;0.000;0.000;0.000
Hastings and Rye;Unknown (LAB gain from CON);12;East Sussex;80524;10708;21826;3860;7423;2771;0;0;693;0.056;0.925;0.001;0.016;0.000;0.000;0.000;0.000
Havant;Alan Mak;12;Hampshire;72103;15198;11817;5215;6656;2348;0;0;0;0.690;0.280;0.011;0.019;0.000;0.000;0.000;0.000
Hayes and Harlington;John McDonnell;11;Hillingdon;72357;4392;21575;1046;4888;1386;0;0;0;0.001;0.997;0.000;0.002;0.000;0.000;0.000;0.000
Hazel Grove;Unknown (LIB gain from CON);4;Eastern Manchester;63346;9457;9602;12214;6902;2180;0;0;496;0.196;0.235;0.510;0.058;0.000;0.000;0.000;0.000
Hemel Hempstead;Unknown (LAB gain from CON);9;Hertfordshire;74035;11942;17065;6453;7372;2843;0;0;0;0.209;0.753;0.013;0.025;0.000;0.000;0.000;0.000
Hemsworth;Jon Trickett;5;West Yorkshire;73726;5403;19709;1924;8151;2091;0;0;827;0.004;0.971;0.000;0.025;0.000;0.000;0.000;0.000
Hendon;Unknown (LAB gain from CON);11;Barnet;82661;10186;22632;2736;6422;2561;0;0;652;0.033;0.965;0.000;0.001;0.000;0.000;0.000;0.000
Henley;Unknown (LIB gain from CON);12;Oxfordshire;76646;13868;9526;16162;9161;4924;0;0;500;0.331;0.087;0.525;0.054;0.002;0.000;0.000;0.000
Hereford and South Herefordshire;Jesse Norman;7;Hereford and Worcestershire;72085;12626;11991;7187;7693;3118;0;0;660;0.475;0.411;0.043;0.068;0.002;0.000;0.000;0.000
Herefordshire North;Bill Wiggin;7;Hereford and Worcestershire;70252;14338;8844;7822;7817;4042;0;0;393;0.738;0.128;0.062;0.069;0.003;0.000;0.000;0.000
Hertford and Stortford;Julie Marson;9;Hertfordshire;81765;14642;14208;7542;8762;6189;0;0;1033;0.471;0.432;0.028;0.061;0.008;0.000;0.000;0.000
Hertfordshire North East;Unknown (LAB gain from CON);9;Hertfordshire;76123;14874;15924;7364;7771;3639;0;0;0;0.425;0.531;0.014;0.030;0.000;0.000;0.000;0.000
Hertfordshire South West;Gagan Mohindra;9;Hertfordshire;80449;16677;13864;10767;9679;3378;0;0;1785;0.562;0.274;0.093;0.069;0.001;0.000;0.000;0.000
Hertsmere;Oliver Dowden;9;Hertfordshire;73971;16055;14777;5260;6932;2857;0;0;556;0.566;0.416;0.004;0.014;0.000;0.000;0.000;0.000
Hexham;Unknown (LAB gain from CON);3;Northumberland;61324;15555;16561;5007;0;3416;0;0;467;0.420;0.579;0.001;0.000;0.000;0.000;0.000;0.000
Heywood and Middleton;Unknown (LAB gain from CON);4;Eastern Manchester;80162;7156;20672;1810;7467;2253;0;0;858;0.005;0.983;0.000;0.012;0.000;0.000;0.000;0.000
High Peak;Unknown (LAB gain from CON);8;Derbyshire;74265;9831;24145;2791;7856;3074;0;0;0;0.029;0.963;0.000;0.007;0.000;0.000;0.000;0.000
Hitchin and Harpenden;Unknown (LIB gain from CON);9;Hertfordshire;76323;13575;14778;15437;7852;2920;0;0;503;0.255;0.345;0.373;0.026;0.000;0.000;0.000;0.000
Holborn and St Pancras;Keir Starmer;11;Camden;86061;2714;34358;3439;6544;4606;0;0;544;0.000;1.000;0.000;0.000;0.000;0.000;0.000;0.000
Hornchurch and Upminster;Unknown (LAB gain from CON);11;Havering;80765;13523;15360;3189;9006;3212;0;0;1655;0.359;0.575;0.001;0.064;0.000;0.000;0.000;0.000
Hornsey and Wood Green;Catherine West;11;Haringey;81814;2602;31335;10404;6835;5004;0;0;571;0.000;0.993;0.005;0.001;0.000;0.000;0.000;0.000
Horsham;Jeremy Quin;12;West Sussex;86730;16065;13674;15342;9432;4118;0;0;614;0.412;0.223;0.316;0.048;0.000;0.000;0.000;0.000
Houghton and Sunderland South;Bridget Phillipson;3;Newcastle area;68835;4722;19529;2362;7434;2104;0;0;0;0.001;0.983;0.000;0.016;0.000;0.000;0.000;0.000
Hove;Peter Kyle;12;East Sussex;74313;5804;30423;3087;6992;4416;0;0;639;0.001;0.998;0.000;0.001;0.000;0.000;0.000;0.000
Huddersfield;Barry Sheerman;5;West Yorkshire;65525;3941;18196;1545;5541;2558;0;0;0;0.002;0.997;0.000;0.000;0.000;0.000;0.000;0.000
Hull East;Karl Turner;5;Humber area;65745;3262;15852;2523;6891;1820;0;0;0;0.001;0.973;0.000;0.026;0.000;0.000;0.000;0.000
Hull North;Diana Johnson;5;Humber area;65515;2456;17853;2300;5867;1964;0;0;830;0.001;0.996;0.000;0.003;0.000;0.000;0.000;0.000
Hull West and Hessle;Emma Hardy;5;Humber area;60192;3119;14400;2461;6114;1416;0;0;913;0.001;0.970;0.000;0.028;0.000;0.000;0.000;0.000
Huntingdon;Unknown (LAB gain from CON);9;Cambridgeshire;84657;13423;16535;9391;8515;3378;0;0;890;0.284;0.616;0.050;0.049;0.001;0.000;0.000;0.000
Hyndburn;Unknown (LAB gain from CON);4;Lancashire;70842;6881;17111;1515;6011;1623;0;0;0;0.018;0.977;0.000;0.005;0.000;0.000;0.000;0.000
Ilford North;Wes Streeting;11;Redbridge;72973;7459;22797;1646;5749;1830;0;0;0;0.006;0.993;0.000;0.001;0.000;0.000;0.000;0.000
Ilford South;Sam Tarry;11;Redbridge;84972;2700;27094;946;5029;1401;0;0;611;0.000;1.000;0.000;0.000;0.000;0.000;0.000;0.000
Ipswich;Unknown (LAB gain from CON);9;Suffolk;75525;8879;20416;2401;6314;2444;0;0;650;0.032;0.960;0.000;0.007;0.000;0.000;0.000;0.000
Isle of Wight;Unknown (LAB gain from CON);12;Hampshire;113021;17217;21175;6320;12178;7090;0;0;1597;0.311;0.603;0.007;0.073;0.006;0.000;0.000;0.000
Islington North;Jeremy Corbyn;11;Islington;75162;1522;30931;3808;5540;6169;0;0;555;0.000;0.999;0.000;0.000;0.000;0.000;0.000;0.000
Islington South and Finsbury;Emily Thornberry;11;Islington;70489;2439;26782;3940;5791;4148;0;0;485;0.000;0.999;0.000;0.001;0.000;0.000;0.000;0.000
Jarrow;Kate Osborne;3;Newcastle area;65103;3744;19841;1980;6940;2109;0;0;1180;0.001;0.990;0.000;0.008;0.000;0.000;0.000;0.000
Keighley;Unknown (LAB gain from CON);5;West Yorkshire;72778;8999;20356;2334;6977;2132;0;0;755;0.026;0.961;0.001;0.012;0.000;0.000;0.000;0.000
Kenilworth and Southam;Jeremy Wright;7;Warwickshire;68154;13823;11393;9952;7487;3480;0;0;400;0.544;0.274;0.133;0.047;0.001;0.000;0.000;0.000
Kensington;Unknown (LAB gain from CON);11;Kensington and Chelsea;64609;8419;17935;4983;5862;2898;0;0;562;0.046;0.945;0.002;0.007;0.000;0.000;0.000;0.000
Kettering;Unknown (LAB gain from CON);8;Northamptonshire;73164;11489;15425;3134;7311;2606;0;0;964;0.229;0.733;0.000;0.038;0.000;0.000;0.000;0.000
Kingston and Surbiton;Ed Davey;11;Kingston Upon Thames;81975;8810;9531;25927;8308;2849;0;0;624;0.010;0.017;0.963;0.009;0.000;0.000;0.000;0.000
Kingswood;Unknown (LAB gain from CON);10;Bristol area;68972;10827;17596;4038;6865;2827;0;0;678;0.142;0.835;0.002;0.020;0.001;0.000;0.000;0.000
Knowsley;George Howarth;4;Merseyside;84082;1455;37311;1842;6466;2918;0;0;1000;0.000;1.000;0.000;0.000;0.000;0.000;0.000;0.000
Lancashire West;Rosie Cooper;4;Lancashire;73347;9085;27064;2025;7183;2008;0;0;0;0.007;0.992;0.000;0.001;0.000;0.000;0.000;0.000
Lancaster and Fleetwood;Cat Smith;4;Lancashire;70059;5729;19429;2397;6793;3684;0;0;906;0.006;0.981;0.000;0.012;0.001;0.000;0.000;0.000
Leeds Central;Hilary Benn;5;West Yorkshire;90971;1967;28363;1372;5661;3054;0;0;938;0.000;1.000;0.000;0.000;0.000;0.000;0.000;0.000
Leeds East;Richard Burgon;5;West Yorkshire;67286;3763;18513;1248;5834;1901;0;0;849;0.001;0.992;0.000;0.007;0.000;0.000;0.000;0.000
Leeds North East;Fabian Hamilton;5;West Yorkshire;70580;4290;27395;2430;6166;2809;0;0;658;0.000;0.999;0.000;0.001;0.000;0.000;0.000;0.000
Leeds North West;Alex Sobel;5;West Yorkshire;67741;5079;21769;6024;6373;3224;0;0;518;0.001;0.989;0.004;0.005;0.000;0.000;0.000;0.000
Leeds West;Rachel Reeves;5;West Yorkshire;67727;2803;21575;1566;5790;2269;0;0;965;0.000;0.999;0.000;0.001;0.000;0.000;0.000;0.000
Leicester East;Claudia Webbe;8;Leicestershire;78433;5467;20988;1280;5075;923;0;0;678;0.003;0.995;0.000;0.002;0.000;0.000;0.000;0.000
Leicester South;Jonathan Ashworth;8;Leicestershire;77708;2409;25109;1378;4965;2584;0;0;663;0.000;0.999;0.000;0.001;0.000;0.000;0.000;0.000
Leicester West;Liz Kendall;8;Leicestershire;64940;3139;17127;1236;4496;1564;0;0;611;0.000;0.997;0.000;0.002;0.000;0.000;0.000;0.000
Leicestershire North West;Unknown (LAB gain from CON);8;Leicestershire;78935;13196;17988;3496;8516;3245;0;0;698;0.220;0.751;0.000;0.027;0.000;0.000;0.000;0.000
Leicestershire South;Unknown (LAB gain from CON);8;Leicestershire;80520;15671;16729;5511;8749;3063;0;0;0;0.406;0.557;0.002;0.034;0.000;0.000;0.000;0.000
Leigh;Unknown (LAB gain from CON);4;Western Manchester;77417;7321;21416;1920;7768;1991;0;0;1036;0.013;0.974;0.000;0.012;0.000;0.000;0.000;0.000
Lewes;Unknown (LIB gain from CON);12;East Sussex;71503;11242;4988;19291;7905;3855;0;0;535;0.098;0.003;0.877;0.021;0.001;0.000;0.000;0.000
Lewisham Deptford;Vicky Foxcroft;11;Lewisham;80631;1463;34991;2673;5237;4131;0;0;480;0.000;1.000;0.000;0.000;0.000;0.000;0.000;0.000
Lewisham East;Janet Daby;11;Lewisham;67857;2347;24549;2331;5126;2862;0;0;473;0.000;1.000;0.000;0.000;0.000;0.000;0.000;0.000
Lewisham West and Penge;Ellie Reeves;11;Lewisham;74617;2759;28817;3658;6118;3613;0;0;541;0.000;0.999;0.000;0.001;0.000;0.000;0.000;0.000
Leyton and Wanstead;John Cryer;11;Waltham Forest;64852;2363;24936;1979;4830;2608;0;0;439;0.000;1.000;0.000;0.000;0.000;0.000;0.000;0.000
Lichfield;Michael Fabricant;7;Staffordshire;76616;17264;14781;5182;7536;2628;0;0;471;0.615;0.367;0.002;0.015;0.000;0.000;0.000;0.000
Lincoln;Unknown (LAB gain from CON);8;Lincolnshire;74942;8106;22323;2341;6998;2659;0;0;855;0.015;0.980;0.000;0.005;0.000;0.000;0.000;0.000
Liverpool Riverside;Kim Johnson;4;Merseyside;80310;1083;35588;2087;5019;3689;0;0;715;0.000;1.000;0.000;0.000;0.000;0.000;0.000;0.000
Liverpool Walton;Dan Carden;4;Merseyside;62628;946;28758;974;3837;1634;0;0;530;0.000;1.000;0.000;0.000;0.000;0.000;0.000;0.000
Liverpool Wavertree;Paula Barker;4;Merseyside;63458;1354;26153;3048;5010;2869;0;0;782;0.000;1.000;0.000;0.000;0.000;0.000;0.000;0.000
Liverpool West Derby;Ian Byrne;4;Merseyside;65640;1326;29943;1314;4955;1843;0;0;777;0.000;1.000;0.000;0.000;0.000;0.000;0.000;0.000
Loughborough;Unknown (LAB gain from CON);8;Leicestershire;79764;10931;23105;2689;7251;3035;0;0;0;0.047;0.948;0.000;0.005;0.000;0.000;0.000;0.000
Louth and Horncastle;Victoria Atkins;8;Lincolnshire;79634;14785;12779;3895;9376;1870;0;0;761;0.579;0.333;0.001;0.086;0.000;0.000;0.000;0.000
Ludlow;Philip Dunne;7;Shropshire;69444;15468;10324;9013;7293;2233;0;0;276;0.725;0.157;0.080;0.037;0.000;0.000;0.000;0.000
Luton North;Sarah Owen;9;Bedfordshire;68185;4058;19561;1489;4650;1409;0;0;489;0.001;0.997;0.000;0.001;0.000;0.000;0.000;0.000
Luton South;Rachel Hopkins;9;Bedfordshire;69338;4027;18552;1517;4992;1638;0;0;752;0.001;0.997;0.000;0.001;0.000;0.000;0.000;0.000
Macclesfield;Unknown (LAB gain from CON);4;Cheshire;76216;13248;20277;3825;8083;3446;0;0;738;0.154;0.827;0.000;0.019;0.000;0.000;0.000;0.000
Maidenhead;Theresa May;12;Berkshire;76668;21486;13525;11896;0;4332;0;0;590;0.809;0.128;0.061;0.000;0.001;0.000;0.000;0.000
Maidstone and The Weald;Helen Grant;12;Kent;76109;13809;11757;8584;7295;2826;0;0;589;0.552;0.319;0.091;0.038;0.000;0.000;0.000;0.000
Makerfield;Yvonne Fovargue;4;Western Manchester;74190;5469;21866;1918;7934;2309;0;0;1057;0.002;0.989;0.000;0.008;0.000;0.000;0.000;0.000
Maldon;John Whittingdale;9;Essex;72438;16907;11210;6408;7962;2755;0;0;0;0.788;0.166;0.011;0.034;0.000;0.000;0.000;0.000
Manchester Central;Lucy Powell;4;Central Manchester;92247;1376;31416;1579;5145;3035;0;0;833;0.000;1.000;0.000;0.000;0.000;0.000;0.000;0.000
Manchester Gorton;Afzal Khan;4;Central Manchester;76419;805;26523;968;3621;2054;0;0;480;0.000;1.000;0.000;0.000;0.000;0.000;0.000;0.000
Manchester Withington;Jeff Smith;4;Central Manchester;76530;1836;31894;3736;5563;3737;0;0;558;0.000;1.000;0.000;0.000;0.000;0.000;0.000;0.000
Mansfield;Unknown (LAB gain from CON);8;Nottinghamshire;77131;10342;17871;1821;7773;1923;0;0;981;0.088;0.877;0.000;0.034;0.000;0.000;0.000;0.000
Meon Valley;Flick Drummond;12;Hampshire;75737;17512;10190;11490;7878;2966;0;0;445;0.731;0.100;0.142;0.026;0.000;0.000;0.000;0.000
Meriden;Saqib Bhatti;7;Coventry and Solihull;85368;16161;13532;5386;7742;3578;0;0;695;0.628;0.338;0.004;0.028;0.001;0.000;0.000;0.000
Middlesbrough;Andy McDonald;3;Teesside;60764;2284;16067;1006;4887;1327;0;0;1175;0.000;0.996;0.000;0.004;0.000;0.000;0.000;0.000
Middlesbrough South and Cleveland East;Unknown (LAB gain from CON);3;Teesside;72348;13763;19254;3032;0;3160;0;0;1000;0.193;0.807;0.000;0.000;0.000;0.000;0.000;0.000
Milton Keynes North;Unknown (LAB gain from CON);12;Buckinghamshire;91545;11811;25061;4979;7991;3234;0;0;0;0.048;0.942;0.000;0.010;0.000;0.000;0.000;0.000
Milton Keynes South;Unknown (LAB gain from CON);12;Buckinghamshire;96363;11833;26041;4338;7984;3053;0;0;778;0.031;0.962;0.000;0.006;0.000;0.000;0.000;0.000
Mitcham and Morden;Siobhain McDonagh;11;Merton;70021;3163;25544;1899;5404;2226;0;0;512;0.000;1.000;0.000;0.000;0.000;0.000;0.000;0.000
Mole Valley;Unknown (LIB gain from CON);12;Surrey;74665;15989;8492;17226;8567;3417;0;0;549;0.408;0.035;0.527;0.029;0.000;0.000;0.000;0.000
Morecambe and Lunesdale;Unknown (LAB gain from CON);4;Lancashire;67397;8501;18111;2844;7313;2690;0;0;0;0.044;0.929;0.000;0.025;0.001;0.000;0.000;0.000
Morley and Outwood;Unknown (LAB gain from CON);5;West Yorkshire;78803;9207;20360;2311;8240;2927;0;0;1510;0.039;0.935;0.000;0.026;0.000;0.000;0.000;0.000
New Forest East;Julian Lewis;12;Hampshire;73549;16049;10979;8537;7778;3027;0;0;611;0.724;0.182;0.059;0.034;0.000;0.000;0.000;0.000
New Forest West;Desmond Swayne;12;Hampshire;70866;17318;10111;7696;7603;3547;0;0;506;0.811;0.115;0.035;0.038;0.000;0.000;0.000;0.000
Newark;Unknown (LAB gain from CON);8;Nottinghamshire;75850;13758;16107;4583;8619;2861;0;0;779;0.344;0.615;0.003;0.038;0.000;0.000;0.000;0.000
Newbury;Unknown (LIB gain from CON);12;Berkshire;83414;15815;10053;17108;8654;3551;0;0;510;0.390;0.066;0.511;0.033;0.000;0.000;0.000;0.000
Newcastle upon Tyne Central;Chi Onwurah;3;Newcastle area;57845;2200;18905;1684;4825;1856;0;0;670;0.000;0.999;0.000;0.001;0.000;0.000;0.000;0.000
Newcastle upon Tyne East;Nick Brown;3;Newcastle area;63796;2553;24773;2778;5110;3164;0;0;535;0.000;1.000;0.000;0.000;0.000;0.000;0.000;0.000
Newcastle upon Tyne North;Catherine McKinnell;3;Newcastle area;68486;5332;21505;3678;7617;2712;0;0;859;0.002;0.986;0.000;0.012;0.000;0.000;0.000;0.000
Newcastle-under-Lyme;Unknown (LAB gain from CON);7;Staffordshire;68211;9872;17300;2810;6036;1865;0;0;0;0.101;0.891;0.000;0.008;0.000;0.000;0.000;0.000
Newton Abbot;Anne Marie Morris;10;Devon;72529;11912;11370;11657;8021;2712;0;0;781;0.339;0.306;0.289;0.065;0.000;0.000;0.000;0.000
Norfolk Mid;George Freeman;9;Norfolk;82203;16077;15323;7086;7903;2108;0;0;0;0.510;0.447;0.015;0.028;0.000;0.000;0.000;0.000
Norfolk North;Unknown (LIB gain from CON);9;Norfolk;70729;12924;5470;17967;8144;1435;0;0;0;0.199;0.006;0.777;0.017;0.000;0.000;0.000;0.000
Norfolk North West;James Wild;9;Norfolk;72080;13236;13151;4010;7154;2361;0;0;0;0.470;0.496;0.003;0.031;0.000;0.000;0.000;0.000
Norfolk South;Unknown (LAB gain from CON);9;Norfolk;86214;15408;16300;9102;8741;3818;0;0;421;0.420;0.492;0.042;0.045;0.000;0.000;0.000;0.000
Norfolk South West;Liz Truss;9;Norfolk;78455;14822;12703;4610;7608;2338;0;0;526;0.597;0.369;0.005;0.029;0.000;0.000;0.000;0.000
Normanton, Pontefract and Castleford;Yvette Cooper;5;West Yorkshire;84527;5902;22281;2349;9084;2124;0;0;1233;0.004;0.976;0.000;0.019;0.000;0.000;0.000;0.000
Northampton North;Unknown (LAB gain from CON);8;Northamptonshire;58768;7342;15851;1603;5277;1906;0;0;563;0.044;0.947;0.000;0.009;0.000;0.000;0.000;0.000
Northampton South;Unknown (LAB gain from CON);8;Northamptonshire;62163;7336;16362;2033;5318;1860;0;0;668;0.030;0.960;0.000;0.009;0.000;0.000;0.000;0.000
Northamptonshire South;Unknown (LAB gain from CON);8;Northamptonshire;90842;18387;18528;6572;9704;3413;0;0;742;0.470;0.492;0.004;0.034;0.000;0.000;0.000;0.000
Norwich North;Unknown (LAB gain from CON);9;Norfolk;67172;9305;18351;2751;5940;2508;0;0;571;0.071;0.920;0.000;0.008;0.000;0.000;0.000;0.000
Norwich South;Clive Lewis;9;Norfolk;77845;4307;23578;4267;6706;5521;0;0;816;0.001;0.988;0.001;0.007;0.001;0.000;0.000;0.000
Nottingham East;Nadia Whittome;8;Nottinghamshire;66262;1744;22882;1021;4093;2014;0;0;597;0.000;1.000;0.000;0.000;0.000;0.000;0.000;0.000
Nottingham North;Alex Norris;8;Nottinghamshire;66495;3013;17373;1052;4934;1668;0;0;658;0.000;0.996;0.000;0.003;0.000;0.000;0.000;0.000
Nottingham South;Lilian Greenwood;8;Nottinghamshire;79485;3577;26255;1706;5790;2958;0;0;889;0.000;0.999;0.000;0.001;0.000;0.000;0.000;0.000
Nuneaton;Unknown (LAB gain from CON);7;Warwickshire;70226;11584;15562;2552;5956;2179;0;0;0;0.250;0.736;0.000;0.014;0.000;0.000;0.000;0.000
Old Bexley and Sidcup;James Brokenshire;11;Bexley;66104;17468;11691;2438;6561;1719;0;0;1137;0.819;0.172;0.000;0.008;0.000;0.000;0.000;0.000
Oldham East and Saddleworth;Debbie Abrahams;4;Eastern Manchester;72120;6341;17965;2769;6980;1876;0;0;910;0.016;0.970;0.001;0.013;0.000;0.000;0.000;0.000
Oldham West and Royton;Jim McMahon;4;Eastern Manchester;72999;3704;19887;1104;5571;1417;0;0;698;0.000;0.998;0.000;0.002;0.000;0.000;0.000;0.000
Orpington;Gareth Bacon;11;Bromley;68877;16786;12026;5624;6845;2434;0;0;550;0.734;0.241;0.007;0.018;0.000;0.000;0.000;0.000
Oxford East;Anneliese Dodds;12;Oxfordshire;78303;7243;27638;5183;0;5077;0;0;661;0.006;0.993;0.001;0.000;0.000;0.000;0.000;0.000
Oxford West and Abingdon;Layla Moran;12;Oxfordshire;76951;10513;8834;24002;7714;2905;0;0;467;0.030;0.015;0.948;0.007;0.000;0.000;0.000;0.000
Pendle;Unknown (LAB gain from CON);4;Lancashire;65289;7162;15049;1915;5774;1529;0;0;649;0.045;0.940;0.000;0.014;0.000;0.000;0.000;0.000
Penistone and Stocksbridge;Unknown (LAB gain from CON);5;South Yorkshire;70925;8955;18892;5343;9368;2233;0;0;0;0.038;0.908;0.002;0.051;0.000;0.000;0.000;0.000
Penrith and The Border;Unknown (LAB gain from CON);4;Cumbria;67555;11293;13176;5807;8040;2759;0;0;353;0.312;0.597;0.022;0.068;0.001;0.000;0.000;0.000
Peterborough;Unknown (LAB gain from CON);9;Cambridgeshire;72560;7484;17699;2451;5821;1647;0;0;658;0.031;0.959;0.000;0.010;0.000;0.000;0.000;0.000
Plymouth Moor View;Unknown (LAB gain from CON);10;Devon;69430;10358;16074;2521;6083;2028;0;0;0;0.143;0.845;0.000;0.011;0.000;0.000;0.000;0.000
Plymouth Sutton and Devonport;Luke Pollard;10;Devon;77852;6652;24805;2428;6491;2896;0;0;728;0.002;0.996;0.000;0.002;0.000;0.000;0.000;0.000
Poole;Unknown (LAB gain from CON);10;Dorset;73989;12575;13740;7355;7897;3032;0;0;1047;0.378;0.510;0.043;0.068;0.000;0.000;0.000;0.000
Poplar and Limehouse;Apsana Begum;11;Tower Hamlets;91836;2100;32007;2776;5917;2927;0;0;1095;0.000;0.999;0.000;0.001;0.000;0.000;0.000;0.000
Portsmouth North;Unknown (LAB gain from CON);12;Hampshire;71299;10654;15316;4235;6943;2419;0;0;0;0.199;0.767;0.004;0.029;0.000;0.000;0.000;0.000
Portsmouth South;Stephen Morgan;12;Hampshire;74186;5278;20401;5793;6081;2462;0;0;752;0.007;0.979;0.006;0.008;0.000;0.000;0.000;0.000
Preston;Mark Hendrick;4;Lancashire;59672;2365;18234;1166;4215;1423;0;0;493;0.000;0.999;0.000;0.001;0.000;0.000;0.000;0.000
Pudsey;Unknown (LAB gain from CON);5;West Yorkshire;73212;10293;23753;2941;7406;2698;0;0;773;0.027;0.967;0.000;0.005;0.000;0.000;0.000;0.000
Putney;Fleur Anderson;11;Wandsworth;65556;7298;22385;4603;6056;3204;0;0;523;0.010;0.984;0.002;0.003;0.000;0.000;0.000;0.000
Rayleigh and Wickford;Mark Francois;9;Essex;78930;18203;13538;5276;9078;3304;0;0;0;0.703;0.249;0.003;0.044;0.000;0.000;0.000;0.000
Reading East;Matt Rodda;12;Berkshire;77152;8243;23891;3746;6646;3569;0;0;702;0.014;0.978;0.000;0.007;0.000;0.000;0.000;0.000
Reading West;Unknown (LAB gain from CON);12;Berkshire;74137;9297;19845;4073;6511;2756;0;0;634;0.054;0.937;0.001;0.008;0.000;0.000;0.000;0.000
Redcar;Unknown (LAB gain from CON);3;Teesside;65864;6327;15572;2865;6986;1701;0;0;845;0.019;0.946;0.000;0.035;0.000;0.000;0.000;0.000
Redditch;Unknown (LAB gain from CON);7;Hereford and Worcestershire;65391;12558;14210;2845;5880;1959;0;0;0;0.360;0.627;0.000;0.012;0.000;0.000;0.000;0.000
Reigate;Crispin Blunt;12;Surrey;74242;13898;12689;8328;7834;4535;0;0;0;0.528;0.354;0.060;0.054;0.003;0.000;0.000;0.000
Ribble South;Unknown (LAB gain from CON);4;Lancashire;75351;12536;20982;3290;8073;2597;0;0;0;0.119;0.866;0.000;0.015;0.000;0.000;0.000;0.000
Ribble Valley;Unknown (LAB gain from CON);4;Lancashire;79247;15005;17766;4357;8556;2722;0;0;664;0.324;0.652;0.000;0.024;0.000;0.000;0.000;0.000
Richmond;Rishi Sunak;5;North Yorkshire;82569;16322;14123;6520;9170;2986;0;0;667;0.578;0.360;0.008;0.053;0.000;0.000;0.000;0.000
Richmond Park;Sarah Olney;11;Richmond Upon Thames;82699;13269;8035;27886;8934;3452;0;0;588;0.043;0.011;0.938;0.008;0.000;0.000;0.000;0.000
Rochdale;Tony Lloyd;4;Eastern Manchester;78909;4569;20370;1877;6215;1774;0;0;0;0.000;0.995;0.000;0.004;0.000;0.000;0.000;0.000
Rochester and Strood;Unknown (LAB gain from CON);12;Kent;82056;12367;17434;3282;7313;2628;0;0;709;0.213;0.763;0.000;0.023;0.000;0.000;0.000;0.000
Rochford and Southend East;Unknown (LAB gain from CON);9;Essex;75624;11068;16655;3157;6622;1987;0;0;885;0.179;0.806;0.001;0.014;0.000;0.000;0.000;0.000
Romford;Unknown (LAB gain from CON);11;Havering;72350;13721;14094;2964;6526;2008;0;0;699;0.458;0.532;0.000;0.009;0.000;0.000;0.000;0.000
Romsey and Southampton North;Unknown (LIB gain from CON);12;Hampshire;68228;13727;9416;14088;6755;1956;0;0;382;0.427;0.106;0.446;0.020;0.000;0.000;0.000;0.000
Rossendale and Darwen;Unknown (LAB gain from CON);4;Lancashire;72770;10077;19510;2034;6974;2345;0;0;0;0.065;0.924;0.000;0.011;0.000;0.000;0.000;0.000
Rother Valley;Unknown (LAB gain from CON);5;South Yorkshire;74804;8809;18543;3121;8943;2192;0;0;0;0.051;0.900;0.000;0.049;0.000;0.000;0.000;0.000
Rotherham;Sarah Champion;5;South Yorkshire;61688;0;15515;2267;7980;1779;0;0;951;0.000;0.949;0.000;0.050;0.000;0.000;0.000;0.000
Rugby;Unknown (LAB gain from CON);7;Warwickshire;72292;12765;17404;4317;6825;2340;0;0;517;0.245;0.740;0.003;0.011;0.000;0.000;0.000;0.000
Ruislip, Northwood and Pinner;David Simmonds;11;Hillingdon;72816;16530;15155;5385;6832;1997;0;0;0;0.561;0.428;0.003;0.007;0.000;0.000;0.000;0.000
Runnymede and Weybridge;Unknown (LAB gain from CON);12;Surrey;77196;14500;14935;7630;7753;3356;0;0;1104;0.447;0.482;0.034;0.036;0.000;0.000;0.000;0.000
Rushcliffe;Unknown (LAB gain from CON);8;Nottinghamshire;77047;12143;22469;6225;8432;2989;0;0;694;0.095;0.888;0.003;0.013;0.000;0.000;0.000;0.000
Rutland and Melton;Alicia Kearns;8;Leicestershire;82705;15525;13819;7082;9878;4030;0;0;944;0.541;0.356;0.014;0.087;0.001;0.000;0.000;0.000
Saffron Walden;Kemi Badenoch;9;Essex;87017;17397;13462;10977;9365;3701;0;0;583;0.587;0.254;0.109;0.049;0.001;0.000;0.000;0.000
Salford and Eccles;Rebecca Long-Bailey;4;Central Manchester;82202;3330;27843;1964;7049;3116;0;0;881;0.000;1.000;0.000;0.000;0.000;0.000;0.000;0.000
Salisbury;John Glen;10;Wiltshire;74556;14879;13091;9167;7227;2757;0;0;455;0.530;0.361;0.084;0.024;0.000;0.000;0.000;0.000
Scarborough and Whitby;Unknown (LAB gain from CON);5;North Yorkshire;74404;10977;18567;2837;7634;1861;0;0;770;0.100;0.887;0.000;0.012;0.000;0.000;0.000;0.000
Scunthorpe;Unknown (LAB gain from CON);5;Humber area;61955;7127;14923;1358;5598;1467;0;0;588;0.038;0.946;0.000;0.015;0.000;0.000;0.000;0.000
Sedgefield;Unknown (LAB gain from CON);3;Durham;64325;6054;16393;2665;7006;1807;0;0;703;0.015;0.959;0.001;0.025;0.000;0.000;0.000;0.000
Sefton Central;Bill Esterson;4;Merseyside;69760;6059;28351;2668;7544;2976;0;0;718;0.000;0.998;0.000;0.001;0.000;0.000;0.000;0.000
Selby and Ainsty;Unknown (LAB gain from CON);5;North Yorkshire;78398;14711;18496;2730;7629;2594;0;1013;1082;0.286;0.694;0.000;0.020;0.000;0.000;0.000;0.000
Sevenoaks;Laura Trott;12;Kent;71757;16036;11247;9193;7523;2958;0;0;547;0.698;0.178;0.086;0.037;0.000;0.000;0.000;0.000
Sheffield Brightside and Hillsborough;Gill Furniss;5;South Yorkshire;69333;5438;18629;1470;0;2889;0;0;826;0.003;0.997;0.000;0.000;0.000;0.000;0.000;0.000
Sheffield Central;Paul Blomfield;5;South Yorkshire;89849;5072;25343;3465;0;9150;0;0;1438;0.001;0.998;0.000;0.000;0.001;0.000;0.000;0.000
Sheffield Hallam;Olivia Blake;5;South Yorkshire;72763;10687;19805;17723;0;4651;0;0;655;0.042;0.599;0.358;0.000;0.000;0.000;0.000;0.000
Sheffield Heeley;Louise Haigh;5;South Yorkshire;66940;7860;20566;3279;0;3930;0;0;970;0.012;0.988;0.000;0.000;0.000;0.000;0.000;0.000
Sheffield South East;Clive Betts;5;South Yorkshire;67832;8984;20081;2414;0;2563;0;0;854;0.022;0.978;0.000;0.000;0.000;0.000;0.000;0.000
Sherwood;Unknown (LAB gain from CON);8;Nottinghamshire;77888;10706;18949;2980;8323;2507;0;0;827;0.096;0.882;0.000;0.022;0.000;0.000;0.000;0.000
Shipley;Unknown (LAB gain from CON);5;West Yorkshire;74029;10786;20239;2801;7366;3097;0;0;808;0.070;0.916;0.000;0.013;0.000;0.000;0.000;0.000
Shrewsbury and Atcham;Unknown (LAB gain from CON);7;Shropshire;82238;13184;19928;6735;8272;3343;0;0;587;0.185;0.788;0.004;0.022;0.000;0.000;0.000;0.000
Shropshire North;Owen Paterson;7;Shropshire;83258;14822;8285;14334;7361;2241;0;0;968;0.487;0.058;0.424;0.029;0.001;0.000;0.000;0.000
Sittingbourne and Sheppey;Unknown (LAB gain from CON);12;Kent;83917;13983;15043;3529;7711;2576;0;0;975;0.423;0.534;0.001;0.041;0.000;0.000;0.000;0.000
Skipton and Ripon;Unknown (LAB gain from CON);5;North Yorkshire;78673;14195;14404;7354;10024;3932;0;0;939;0.427;0.449;0.020;0.103;0.001;0.000;0.000;0.000
Sleaford and North Hykeham;Caroline Johnson;8;Lincolnshire;94761;17932;17406;5238;11259;3145;0;0;1211;0.492;0.448;0.002;0.058;0.000;0.000;0.000;0.000
Slough;Tan Dhesi;12;Berkshire;86818;4842;23770;1979;5259;1486;0;0;629;0.000;0.998;0.000;0.002;0.000;0.000;0.000;0.000
Solihull;Julian Knight;7;Coventry and Solihull;78760;15692;10947;8316;7477;3132;0;0;761;0.716;0.199;0.050;0.034;0.000;0.000;0.000;0.000
Somerset North;Unknown (LAB gain from CON);10;Bristol area;80194;14617;15900;10065;9228;4853;0;0;0;0.367;0.490;0.084;0.056;0.002;0.000;0.000;0.000
Somerset North East;Unknown (LAB gain from CON);10;Bristol area;73692;11490;16005;10933;7985;3249;0;0;567;0.207;0.600;0.151;0.041;0.000;0.000;0.000;0.000
Somerton and Frome;Unknown (LIB gain from CON);10;Somerset;85866;14637;4603;23923;8745;4436;0;0;1024;0.125;0.003;0.859;0.012;0.000;0.000;0.000;0.000
South Holland and The Deepings;John Hayes;8;Lincolnshire;75975;13918;11075;3164;8783;2277;0;0;1085;0.610;0.294;0.001;0.095;0.000;0.000;0.000;0.000
South Shields;Emma Lewell-Buck;3;Newcastle area;62793;2473;16277;1617;7164;2668;0;0;1499;0.001;0.968;0.000;0.031;0.000;0.000;0.000;0.000
Southampton Itchen;Unknown (LAB gain from CON);12;Hampshire;72299;8238;20028;2261;5771;2231;0;0;575;0.018;0.976;0.000;0.005;0.000;0.000;0.000;0.000
Southampton Test;Alan Whitehead;12;Hampshire;70116;4954;21295;2315;5489;2435;0;0;661;0.005;0.992;0.000;0.003;0.000;0.000;0.000;0.000
Southend West;David Amess;9;Essex;69043;15309;12981;4214;6181;1871;0;0;1114;0.647;0.336;0.002;0.014;0.000;0.000;0.000;0.000
Southport;Unknown (LAB gain from CON);4;Merseyside;70837;9988;17108;5705;7091;2105;0;0;632;0.111;0.869;0.001;0.019;0.000;0.000;0.000;0.000
Spelthorne;Kwasi Kwarteng;12;Surrey;70929;13372;13033;5869;7206;3004;0;0;794;0.491;0.448;0.021;0.039;0.000;0.000;0.000;0.000
St Albans;Daisy Cooper;9;Hertfordshire;73727;9986;9628;22736;7679;3163;0;0;530;0.035;0.032;0.926;0.007;0.000;0.000;0.000;0.000
St Austell and Newquay;Unknown (LAB gain from CON);10;Cornwall;79930;13030;14693;7661;7917;2374;0;0;660;0.355;0.558;0.040;0.046;0.000;0.000;0.000;0.000
St Helens North;Conor McGinn;4;Merseyside;75593;4027;23542;2319;7970;3020;0;0;1088;0.001;0.992;0.000;0.007;0.000;0.000;0.000;0.000
St Helens South and Whiston;Marie Rimmer;4;Merseyside;79061;2894;25884;2775;8216;3760;0;0;1314;0.000;0.995;0.000;0.005;0.000;0.000;0.000;0.000
St Ives;Unknown (LIB gain from CON);10;Cornwall;68795;9261;7316;15756;7679;2240;0;0;631;0.110;0.045;0.799;0.045;0.000;0.000;0.000;0.000
Stafford;Unknown (LAB gain from CON);7;Staffordshire;72572;12504;16446;3669;7035;3032;0;0;565;0.256;0.724;0.002;0.017;0.000;0.000;0.000;0.000
Staffordshire Moorlands;Unknown (LAB gain from CON);7;Staffordshire;65485;12950;13783;3002;6315;2049;0;0;0;0.438;0.547;0.001;0.014;0.000;0.000;0.000;0.000
Staffordshire South;Gavin Williamson;7;Staffordshire;73668;17563;11474;4311;7265;2253;0;0;618;0.804;0.178;0.001;0.016;0.000;0.000;0.000;0.000
Stalybridge and Hyde;Jonathan Reynolds;4;Eastern Manchester;73064;5625;20668;1632;6575;2257;0;0;792;0.005;0.992;0.000;0.003;0.000;0.000;0.000;0.000
Stevenage;Unknown (LAB gain from CON);9;Hertfordshire;71562;10149;18783;3384;6386;2545;0;0;517;0.082;0.908;0.000;0.009;0.000;0.000;0.000;0.000
Stockport;Navendu Mishra;4;Eastern Manchester;65391;3723;20359;3170;6331;3021;0;0;805;0.000;0.994;0.000;0.006;0.000;0.000;0.000;0.000
Stockton North;Alex Cunningham;3;Teesside;66649;6196;18902;1657;6568;1593;0;0;0;0.008;0.984;0.000;0.008;0.000;0.000;0.000;0.000
Stockton South;Unknown (LAB gain from CON);3;Teesside;76870;10138;21954;2760;7801;1930;0;0;1245;0.034;0.959;0.000;0.007;0.000;0.000;0.000;0.000
Stoke-on-Trent Central;Unknown (LAB gain from CON);7;Staffordshire;55419;4510;13293;1134;3914;1258;0;0;382;0.011;0.986;0.000;0.003;0.000;0.000;0.000;0.000
Stoke-on-Trent North;Unknown (LAB gain from CON);7;Staffordshire;68298;7389;14988;1751;5263;1341;0;0;537;0.049;0.936;0.000;0.014;0.000;0.000;0.000;0.000
Stoke-on-Trent South;Unknown (LAB gain from CON);7;Staffordshire;64491;9064;13929;2183;5097;1154;0;0;504;0.166;0.824;0.000;0.010;0.000;0.000;0.000;0.000
Stone;Bill Cash;7;Staffordshire;69378;14942;13373;4674;7014;2511;0;0;433;0.575;0.400;0.003;0.020;0.001;0.000;0.000;0.000
Stourbridge;Unknown (LAB gain from CON);7;Black Country;69891;12586;15475;2801;6046;1833;0;0;0;0.311;0.680;0.000;0.009;0.000;0.000;0.000;0.000
Stratford-on-Avon;Nadhim Zahawi;7;Warwickshire;74037;15565;9800;13443;8390;3216;0;0;352;0.555;0.103;0.307;0.034;0.000;0.000;0.000;0.000
Streatham;Bell Ribeiro-Addy;11;Lambeth;84783;2560;31018;5620;6316;5030;0;0;542;0.000;1.000;0.000;0.000;0.000;0.000;0.000;0.000
Stretford and Urmston;Kate Green;4;Central Manchester;72372;5087;27974;1492;6153;2196;0;0;976;0.000;1.000;0.000;0.000;0.000;0.000;0.000;0.000
Stroud;Unknown (LAB gain from CON);10;Gloucestershire;84537;11471;24413;4446;9681;6061;0;0;1198;0.061;0.910;0.001;0.025;0.002;0.000;0.000;0.000
Suffolk Central and Ipswich North;Dan Poulter;9;Suffolk;80037;15029;12462;6511;8253;4555;0;0;584;0.599;0.326;0.021;0.051;0.003;0.000;0.000;0.000
Suffolk Coastal;Therese Coffey;9;Suffolk;81910;13955;13657;9584;9490;4821;0;0;0;0.443;0.367;0.092;0.092;0.006;0.000;0.000;0.000
Suffolk South;James Cartlidge;9;Suffolk;76201;13092;11530;7543;8603;4588;0;0;0;0.511;0.338;0.055;0.089;0.007;0.000;0.000;0.000
Suffolk West;Unknown (LAB gain from CON);9;Suffolk;80193;13095;13988;4615;7628;2945;0;0;741;0.425;0.522;0.008;0.045;0.000;0.000;0.000;0.000
Sunderland Central;Julie Elliott;3;Newcastle area;72680;5382;20276;2998;7108;2051;0;0;0;0.003;0.991;0.000;0.006;0.000;0.000;0.000;0.000
Surrey East;Claire Coutinho;12;Surrey;83148;16075;13255;10400;9378;3814;0;0;1080;0.541;0.283;0.114;0.061;0.000;0.000;0.000;0.000
Surrey Heath;Michael Gove;12;Surrey;81349;16763;11719;12921;8587;3433;0;0;757;0.596;0.163;0.202;0.039;0.000;0.000;0.000;0.000
Surrey South West;Unknown (LIB gain from CON);12;Surrey;79096;16179;11566;16835;8742;3083;0;0;739;0.406;0.107;0.450;0.036;0.000;0.000;0.000;0.000
Sussex Mid;Mims Davies;12;West Sussex;85146;15336;13829;13433;8982;4351;0;0;829;0.412;0.292;0.243;0.052;0.001;0.000;0.000;0.000
Sutton and Cheam;Unknown (LIB gain from CON);11;Sutton;71779;12402;9580;13124;6726;2049;0;0;488;0.371;0.152;0.452;0.025;0.000;0.000;0.000;0.000
Sutton Coldfield;Andrew Mitchell;7;Birmingham;75638;17455;15510;5193;6985;2508;0;0;0;0.601;0.387;0.000;0.011;0.000;0.000;0.000;0.000
Swindon North;Unknown (LAB gain from CON);10;Wiltshire;82441;13740;19375;3439;6983;2569;0;0;558;0.215;0.770;0.000;0.014;0.000;0.000;0.000;0.000
Swindon South;Unknown (LAB gain from CON);10;Wiltshire;73118;10918;20000;3243;6076;1736;0;0;453;0.075;0.917;0.000;0.008;0.000;0.000;0.000;0.000
Tamworth;Unknown (LAB gain from CON);7;Staffordshire;71572;14211;15016;1834;6112;1291;0;451;880;0.416;0.576;0.000;0.007;0.000;0.000;0.000;0.000
Tatton;Unknown (LAB gain from CON);4;Cheshire;69018;13025;15127;5851;8167;3197;0;0;0;0.341;0.593;0.009;0.055;0.001;0.000;0.000;0.000
Taunton Deane;Unknown (LIB gain from CON);10;Somerset;88676;14831;9628;20234;9111;2367;0;0;624;0.213;0.038;0.728;0.021;0.000;0.000;0.000;0.000
Telford;Unknown (LAB gain from CON);7;Shropshire;68921;9258;16746;1827;5408;1694;0;0;0;0.081;0.915;0.000;0.004;0.000;0.000;0.000;0.000
Tewkesbury;Laurence Robertson;10;Gloucestershire;83958;15259;12593;12281;8937;3887;0;0;787;0.497;0.234;0.212;0.055;0.001;0.000;0.000;0.000
Thanet North;Unknown (LAB gain from CON);12;Kent;72756;13948;14402;3763;6921;2667;0;0;643;0.451;0.523;0.002;0.022;0.000;0.000;0.000;0.000
Thanet South;Unknown (LAB gain from CON);12;Kent;73223;12180;16936;3118;6878;3060;0;0;552;0.217;0.765;0.000;0.018;0.000;0.000;0.000;0.000
Thirsk and Malton;Kevin Hollinrake;5;North Yorkshire;80991;14913;14036;6394;9644;3082;0;0;659;0.487;0.418;0.006;0.089;0.000;0.000;0.000;0.000
Thornbury and Yate;Unknown (LIB gain from CON);10;Bristol area;69492;13058;7286;18058;7390;1929;0;0;0;0.201;0.019;0.766;0.014;0.000;0.000;0.000;0.000
Thurrock;Unknown (LAB gain from CON);9;Essex;79659;9855;17362;2241;6379;2053;0;0;705;0.113;0.874;0.000;0.011;0.000;0.000;0.000;0.000
Tiverton and Honiton;Unknown (LIB gain from CON);10;Devon;82953;16789;6645;18755;7479;2180;0;0;616;0.389;0.010;0.591;0.009;0.000;0.000;0.000;0.000
Tonbridge and Malling;Tom Tugendhat;12;Kent;79278;16258;11501;8720;8668;5043;0;0;599;0.670;0.208;0.061;0.060;0.001;0.000;0.000;0.000
Tooting;Rosena Allin-Khan;11;Wandsworth;76954;5607;30915;3772;6893;4249;0;0;534;0.000;0.998;0.000;0.001;0.000;0.000;0.000;0.000
Torbay;Kevin Foster;10;Devon;75054;13352;9181;12043;7367;2132;0;0;0;0.498;0.119;0.334;0.048;0.000;0.000;0.000;0.000
Totnes;Anthony Mangnall;10;Devon;69863;12926;10750;12830;7468;2233;0;0;392;0.378;0.205;0.382;0.034;0.000;0.000;0.000;0.000
Tottenham;David Lammy;11;Haringey;75740;1132;30426;1849;4412;3088;0;0;515;0.000;1.000;0.000;0.000;0.000;0.000;0.000;0.000
Truro and Falmouth;Unknown (LAB gain from CON);10;Cornwall;76719;11072;20081;7785;7894;3412;0;0;640;0.096;0.857;0.023;0.023;0.000;0.000;0.000;0.000
Tunbridge Wells;Greg Clark;12;Kent;74823;13931;13436;11362;7863;2725;0;0;650;0.414;0.359;0.187;0.038;0.001;0.000;0.000;0.000
Twickenham;Munira Wilson;11;Richmond Upon Thames;84906;10410;8137;31751;8977;3096;0;0;0;0.005;0.003;0.988;0.003;0.000;0.000;0.000;0.000
Tynemouth;Alan Campbell;3;Newcastle area;77261;8373;27466;2812;7967;3078;0;0;856;0.003;0.993;0.000;0.004;0.000;0.000;0.000;0.000
Tyneside North;Mary Glindon;3;Newcastle area;78902;4774;25561;2785;8014;2604;0;0;916;0.000;0.997;0.000;0.003;0.000;0.000;0.000;0.000
Uxbridge and South Ruislip;Unknown (LAB gain from CON);11;Hillingdon;70365;13898;16130;1723;4791;1396;0;0;1043;0.352;0.646;0.000;0.001;0.000;0.000;0.000;0.000
Vauxhall;Florence Eshalomi;11;Lambeth;88659;2476;32381;4647;6274;4892;0;0;519;0.000;1.000;0.000;0.000;0.000;0.000;0.000;0.000
Wakefield;Unknown (LAB gain from CON);5;West Yorkshire;70192;8903;17363;1193;5561;1228;0;1435;2035;0.057;0.932;0.000;0.011;0.000;0.000;0.000;0.000
Wallasey;Angela Eagle;4;Merseyside;66310;3558;27044;1707;6099;2209;0;0;654;0.000;0.999;0.000;0.001;0.000;0.000;0.000;0.000
Walsall North;Unknown (LAB gain from CON);7;Black Country;67177;8230;12750;1499;4674;1264;0;0;455;0.137;0.853;0.001;0.009;0.000;0.000;0.000;0.000
Walsall South;Valerie Vaz;7;Black Country;68024;5612;16722;1334;4398;1124;0;0;489;0.008;0.988;0.000;0.004;0.000;0.000;0.000;0.000
Walthamstow;Stella Creasy;11;Waltham Forest;70267;1469;30149;1577;4534;2706;0;0;436;0.000;1.000;0.000;0.000;0.000;0.000;0.000;0.000
Wansbeck;Ian Lavery;3;Northumberland;63339;5898;17816;2689;6467;2014;0;0;640;0.011;0.975;0.000;0.014;0.000;0.000;0.000;0.000
Wantage;Unknown (LIB gain from CON);12;Oxfordshire;90867;14224;14750;17910;9532;3640;0;0;637;0.226;0.235;0.497;0.041;0.000;0.000;0.000;0.000
Warley;John Spellar;7;Black Country;62357;2772;17775;1054;3955;1273;0;0;417;0.000;0.999;0.000;0.001;0.000;0.000;0.000;0.000
Warrington North;Charlotte Nichols;4;Cheshire;72235;7076;21830;2208;7141;2388;0;0;641;0.006;0.990;0.000;0.004;0.000;0.000;0.000;0.000
Warrington South;Unknown (LAB gain from CON);4;Cheshire;86015;11108;26631;4354;9372;2854;0;0;1116;0.028;0.961;0.000;0.011;0.000;0.000;0.000;0.000
Warwick and Leamington;Matt Western;7;Warwickshire;76362;8592;21525;4831;7507;4466;0;0;915;0.029;0.956;0.001;0.012;0.001;0.000;0.000;0.000
Warwickshire North;Unknown (LAB gain from CON);7;Warwickshire;70271;12544;14765;3053;6399;1838;0;0;433;0.357;0.629;0.000;0.014;0.000;0.000;0.000;0.000
Washington and Sunderland West;Sharon Hodgson;3;Newcastle area;66278;4151;18099;1629;6321;1898;0;0;815;0.003;0.991;0.000;0.006;0.000;0.000;0.000;0.000
Watford;Unknown (LAB gain from CON);9;Hertfordshire;83359;10290;20843;8409;7698;2472;0;0;752;0.065;0.895;0.025;0.015;0.000;0.000;0.000;0.000
Waveney;Unknown (LAB gain from CON);9;Suffolk;82791;12912;16102;3451;7460;3386;0;0;654;0.306;0.666;0.001;0.026;0.000;0.000;0.000;0.000
Wealden;Nus Ghani;12;East Sussex;82992;16980;11726;10579;9444;5023;0;0;760;0.646;0.173;0.113;0.066;0.002;0.000;0.000;0.000
Weaver Vale;Mike Amesbury;4;Cheshire;70551;8532;22415;2873;7405;2668;0;0;674;0.014;0.978;0.000;0.008;0.000;0.000;0.000;0.000
Wellingborough;Unknown (LAB gain from CON);8;Northamptonshire;80765;13149;16852;3563;7544;2392;0;0;776;0.278;0.698;0.000;0.023;0.000;0.000;0.000;0.000
Wells;Unknown (LIB gain from CON);10;Somerset;84124;14891;7755;20234;8609;2347;0;0;427;0.236;0.018;0.729;0.016;0.000;0.000;0.000;0.000
Welwyn Hatfield;Unknown (LAB gain from CON);9;Hertfordshire;74892;12216;18877;5540;7022;2994;0;0;0;0.164;0.814;0.006;0.016;0.000;0.000;0.000;0.000
Wentworth and Dearne;John Healey;5;South Yorkshire;74536;5009;19422;1786;7716;1736;0;0;1127;0.004;0.981;0.000;0.015;0.000;0.000;0.000;0.000
West Bromwich East;Unknown (LAB gain from CON);7;Black Country;62046;5291;14403;1145;4155;1043;0;0;461;0.010;0.986;0.000;0.004;0.000;0.000;0.000;0.000
West Bromwich West;Unknown (LAB gain from CON);7;Black Country;64517;5288;13576;1057;4225;1107;0;0;451;0.015;0.979;0.000;0.006;0.000;0.000;0.000;0.000
West Ham;Lyn Brown;11;Newham;97947;1805;33731;1641;5548;2797;0;0;703;0.000;1.000;0.000;0.000;0.000;0.000;0.000;0.000
Westminster North;Karen Buck;11;City of Westminster;65519;4490;21664;2630;5199;2934;0;0;512;0.000;0.998;0.000;0.002;0.000;0.000;0.000;0.000
Westmorland and Lonsdale;Tim Farron;4;Cumbria;67789;9781;5254;22462;8275;1863;0;0;294;0.029;0.002;0.958;0.011;0.000;0.000;0.000;0.000
Weston-Super-Mare;Unknown (LAB gain from CON);10;Bristol area;82526;13894;16790;7027;7904;3074;0;0;0;0.316;0.637;0.020;0.027;0.000;0.000;0.000;0.000
Wigan;Lisa Nandy;4;Western Manchester;75680;5243;22504;1882;7589;2377;0;0;883;0.004;0.990;0.000;0.006;0.000;0.000;0.000;0.000
Wiltshire North;James Gray;10;Wiltshire;73280;14607;9703;14563;7728;2667;0;0;342;0.441;0.093;0.436;0.029;0.000;0.000;0.000;0.000
Wiltshire South West;Andrew Murrison;10;Wiltshire;77969;14754;13921;8425;7824;2840;0;0;605;0.512;0.405;0.051;0.031;0.000;0.000;0.000;0.000
Wimbledon;Unknown (LAB gain from CON);11;Merton;68240;9205;15960;13781;7043;2875;0;0;614;0.060;0.611;0.311;0.018;0.000;0.000;0.000;0.000
Winchester;Unknown (LIB gain from CON);12;Hampshire;75582;13784;7300;23514;7901;2572;0;0;403;0.091;0.012;0.890;0.007;0.000;0.000;0.000;0.000
Windsor;Adam Afriyie;12;Berkshire;75038;15953;13111;8348;7596;3176;0;0;837;0.626;0.302;0.039;0.033;0.000;0.000;0.000;0.000
Wirral South;Alison McGovern;4;Merseyside;57280;6580;19843;2481;6319;2957;0;0;720;0.010;0.981;0.000;0.009;0.000;0.000;0.000;0.000
Wirral West;Margaret Greenwood;4;Merseyside;55550;7991;20263;2522;5992;2070;0;0;0;0.018;0.978;0.000;0.004;0.000;0.000;0.000;0.000
Witham;Priti Patel;9;Essex;70402;14591;11597;5332;7151;3161;0;0;501;0.658;0.302;0.008;0.031;0.000;0.000;0.000;0.000
Witney;Robert Courts;12;Oxfordshire;83845;15900;13427;14052;8428;3012;0;0;447;0.450;0.259;0.259;0.030;0.000;0.000;0.000;0.000
Woking;Unknown (LIB gain from CON);12;Surrey;75454;12306;12743;12965;7412;3007;0;0;651;0.305;0.327;0.334;0.033;0.000;0.000;0.000;0.000
Wokingham;Unknown (LIB gain from CON);12;Berkshire;83953;15371;13250;16301;8024;3141;0;0;0;0.339;0.205;0.438;0.017;0.001;0.000;0.000;0.000
Wolverhampton North East;Unknown (LAB gain from CON);7;Black Country;61660;5966;14129;1351;4392;1226;0;0;0;0.019;0.974;0.000;0.006;0.000;0.000;0.000;0.000
Wolverhampton South East;Pat McFadden;7;Black Country;62883;4514;15146;1062;4159;1103;0;0;0;0.006;0.991;0.000;0.003;0.000;0.000;0.000;0.000
Wolverhampton South West;Unknown (LAB gain from CON);7;Black Country;60534;8205;16309;1686;4546;1146;0;0;447;0.061;0.935;0.000;0.004;0.000;0.000;0.000;0.000
Worcester;Unknown (LAB gain from CON);7;Hereford and Worcestershire;73485;9766;17708;3526;6883;3748;0;0;802;0.097;0.879;0.002;0.021;0.001;0.000;0.000;0.000
Worcestershire Mid;Nigel Huddleston;7;Hereford and Worcestershire;78220;17755;11695;6800;8045;3131;0;0;559;0.769;0.194;0.011;0.026;0.000;0.000;0.000;0.000
Worcestershire West;Harriett Baldwin;7;Hereford and Worcestershire;76241;14805;11154;9726;8817;3870;0;0;635;0.563;0.227;0.114;0.093;0.002;0.000;0.000;0.000
Workington;Unknown (LAB gain from CON);4;Cumbria;61370;7044;17002;2338;6910;1857;0;0;458;0.035;0.950;0.000;0.015;0.000;0.000;0.000;0.000
Worsley and Eccles South;Barbara Keeley;4;Central Manchester;75219;6014;21549;1805;6779;2411;0;0;864;0.002;0.992;0.000;0.006;0.000;0.000;0.000;0.000
Worthing East and Shoreham;Unknown (LAB gain from CON);12;West Sussex;75194;12664;19693;4081;7177;3251;0;0;636;0.158;0.829;0.001;0.011;0.000;0.000;0.000;0.000
Worthing West;Unknown (LAB gain from CON);12;West Sussex;78585;15604;17233;5286;7634;3166;0;0;643;0.397;0.581;0.004;0.018;0.000;0.000;0.000;0.000
Wrekin, The;Unknown (LAB gain from CON);7;Shropshire;70693;12810;14728;3915;6588;2233;0;0;514;0.359;0.622;0.001;0.016;0.001;0.000;0.000;0.000
Wycombe;Unknown (LAB gain from CON);12;Buckinghamshire;78098;10560;19346;4645;6546;2420;0;0;755;0.091;0.891;0.003;0.014;0.000;0.000;0.000;0.000
Wyre and Preston North;Unknown (LAB gain from CON);4;Lancashire;74775;13669;16259;3396;7944;2859;0;0;687;0.315;0.656;0.001;0.028;0.000;0.000;0.000;0.000
Wyre Forest;Unknown (LAB gain from CON);7;Hereford and Worcestershire;78077;14931;14974;4601;7698;2498;0;0;691;0.460;0.509;0.002;0.028;0.000;0.000;0.000;0.000
Wythenshawe and Sale East;Mike Kane;4;Central Manchester;76313;4195;22868;1823;6608;3047;0;0;815;0.000;0.997;0.000;0.003;0.000;0.000;0.000;0.000
Yeovil;Unknown (LIB gain from CON);10;Somerset;82468;14471;7652;19026;8592;2335;0;0;415;0.246;0.017;0.717;0.019;0.000;0.000;0.000;0.000
York Central;Rachael Maskell;5;North Yorkshire;74899;4359;28762;2465;6673;3705;0;0;709;0.000;0.996;0.000;0.003;0.000;0.000;0.000;0.000
York Outer;Unknown (LAB gain from CON);5;North Yorkshire;74673;10723;19020;9651;8747;2838;0;0;676;0.099;0.822;0.039;0.040;0.000;0.000;0.000;0.000
Yorkshire East;Unknown (LAB gain from CON);5;Humber area;80923;13150;14987;4683;9374;2545;0;0;1052;0.338;0.587;0.001;0.074;0.000;0.000;0.000;0.000
Aberavon;Stephen Kinnock;6;West Glamorgan;50750;2656;17033;1047;5078;1166;3695;0;445;0.000;0.994;0.000;0.005;0.000;0.000;0.000;0.000
Aberconwy;Unknown (LAB gain from CON);6;Clwyd;44699;7151;13685;975;4391;628;4084;0;268;0.074;0.917;0.000;0.006;0.000;0.003;0.000;0.000
Alyn and Deeside;Mark Tami;6;Clwyd;62789;7803;18290;1819;7132;1582;3610;0;643;0.028;0.949;0.000;0.023;0.000;0.000;0.000;0.000
Arfon;Hywel Williams;6;Gwynedd;42215;1713;9701;400;3405;345;15727;0;182;0.000;0.115;0.000;0.001;0.000;0.884;0.000;0.000
Blaenau Gwent;Nick Smith;6;Gwent;50739;2447;15568;1082;5708;1132;3219;0;497;0.000;0.985;0.000;0.013;0.000;0.001;0.000;0.000
Brecon and Radnorshire;Fay Jones;6;Powys;55490;11637;8516;7924;6305;1155;1458;0;167;0.601;0.238;0.110;0.050;0.000;0.000;0.000;0.000
Bridgend;Unknown (LAB gain from CON);6;Mid Glamorgan;63303;8237;17823;1783;6778;1830;4541;0;669;0.043;0.939;0.000;0.016;0.000;0.002;0.000;0.000
Caerphilly;Wayne David;6;Gwent;63166;5233;21195;710;6255;904;6400;0;0;0.002;0.991;0.000;0.004;0.000;0.003;0.000;0.000
Cardiff Central;Jo Stevens;6;South Glamorgan;64037;3948;24282;3168;5267;1960;1682;0;347;0.001;0.998;0.000;0.001;0.000;0.000;0.000;0.000
Cardiff North;Anna McMorrin;6;South Glamorgan;68438;10719;25662;2492;6895;2327;2684;0;0;0.024;0.973;0.000;0.003;0.000;0.000;0.000;0.000
Cardiff South and Penarth;Stephen Doughty;6;South Glamorgan;78837;6943;27363;1775;6844;2257;3007;0;0;0.004;0.993;0.000;0.003;0.000;0.000;0.000;0.000
Cardiff West;Kevin Brennan;6;South Glamorgan;68508;6554;24102;1591;6095;1969;4173;0;433;0.003;0.992;0.000;0.004;0.000;0.000;0.000;0.000
Carmarthen East and Dinefwr;Jonathan Edwards;6;Dyfed;57419;6760;12057;531;5738;445;16048;0;265;0.017;0.252;0.000;0.007;0.000;0.723;0.000;0.000
Carmarthen West and Pembrokeshire South;Unknown (LAB gain from CON);6;Dyfed;59158;9797;16189;1530;6364;975;4831;0;234;0.105;0.874;0.000;0.018;0.000;0.003;0.000;0.000
Ceredigion;Ben Lake;6;Dyfed;56386;4441;8604;3433;6038;833;16612;0;201;0.003;0.069;0.000;0.012;0.000;0.915;0.000;0.000
Clwyd South;Unknown (LAB gain from CON);6;Clwyd;53919;6901;15131;1487;5738;970;4221;0;375;0.041;0.935;0.000;0.019;0.000;0.005;0.000;0.000
Clwyd West;Unknown (LAB gain from CON);6;Clwyd;57714;10091;14099;1652;5917;1151;5549;0;382;0.196;0.762;0.000;0.024;0.000;0.017;0.000;0.000
Cynon Valley;Beth Winter;6;Mid Glamorgan;51134;2777;15905;1013;4933;920;4177;0;422;0.000;0.991;0.000;0.005;0.000;0.003;0.000;0.000
Delyn;Unknown (LAB gain from CON);6;Clwyd;54560;7580;15860;1890;6325;1344;3277;0;449;0.052;0.928;0.000;0.019;0.000;0.000;0.000;0.000
Dwyfor Meirionnydd;Liz Saville Roberts;6;Gwynedd;44362;4418;5994;443;4428;284;16909;0;162;0.002;0.007;0.000;0.003;0.000;0.987;0.000;0.000
Gower;Tonia Antoniazzi;6;West Glamorgan;61762;9497;19741;2073;6553;1697;3450;0;373;0.050;0.942;0.000;0.006;0.000;0.001;0.000;0.000
Islwyn;Chris Evans;6;Gwent;55423;4678;17618;1130;5867;1285;3296;0;447;0.005;0.986;0.000;0.009;0.000;0.000;0.000;0.000
Llanelli;Nia Griffith;6;Dyfed;60518;5239;17598;794;6142;883;8084;0;440;0.012;0.941;0.000;0.011;0.000;0.035;0.000;0.000
Merthyr Tydfil and Rhymney;Gerald Jones;6;Mid Glamorgan;56322;2630;16996;1274;5592;1112;4120;0;527;0.000;0.990;0.000;0.007;0.000;0.002;0.000;0.000
Monmouth;Unknown (LAB gain from CON);6;Gwent;67098;15316;17788;3078;7234;2309;2434;0;306;0.361;0.623;0.000;0.014;0.000;0.001;0.000;0.000
Montgomeryshire;Craig Williams;6;Powys;48997;10463;7451;5001;5484;974;1860;0;146;0.711;0.214;0.021;0.053;0.000;0.000;0.000;0.000
Neath;Christina Rees;6;West Glamorgan;56419;4256;16291;1493;6253;1291;7030;0;543;0.006;0.951;0.000;0.018;0.000;0.024;0.000;0.000
Newport East;Jessica Morden;6;Gwent;58554;6700;16138;1564;5681;1517;2112;0;395;0.021;0.967;0.000;0.012;0.000;0.000;0.000;0.000
Newport West;Ruth Jones;6;Gwent;66657;8923;19918;1694;6410;1940;2212;0;415;0.032;0.960;0.000;0.007;0.000;0.000;0.000;0.000
Ogmore;Chris Elmore;6;Mid Glamorgan;57581;3941;18567;1350;5776;1399;3899;0;359;0.001;0.989;0.000;0.009;0.000;0.001;0.000;0.000
Pontypridd;Alex Davies-Jones;6;Mid Glamorgan;60327;5995;18586;1169;5899;1292;4943;0;482;0.010;0.978;0.000;0.008;0.000;0.004;0.000;0.000
Preseli Pembrokeshire;Unknown (LAB gain from CON);6;Dyfed;59606;9064;16457;1716;6591;1140;5253;0;391;0.085;0.879;0.000;0.025;0.000;0.011;0.000;0.000
Rhondda;Chris Bryant;6;Mid Glamorgan;50262;2035;16545;793;4480;1023;4495;0;338;0.000;0.994;0.000;0.001;0.000;0.004;0.000;0.000
Swansea East;Carolyn Harris;6;West Glamorgan;58450;3760;17908;1341;5483;1353;3474;0;517;0.002;0.991;0.000;0.006;0.000;0.001;0.000;0.000
Swansea West;Geraint Davies;6;West Glamorgan;57078;5012;18183;1933;5124;1482;2967;0;416;0.004;0.990;0.000;0.005;0.000;0.000;0.000;0.000
Torfaen;Nick Thomas-Symonds;6;Gwent;62330;5681;17563;1469;6965;1701;2997;0;604;0.009;0.969;0.000;0.021;0.000;0.001;0.000;0.000
Vale of Clwyd;Unknown (LAB gain from CON);6;Clwyd;56649;7676;15494;1479;5795;1157;3524;0;443;0.050;0.926;0.000;0.020;0.000;0.003;0.000;0.000
Vale of Glamorgan;Unknown (LAB gain from CON);6;South Glamorgan;76508;14027;24613;1537;7540;2607;2508;0;441;0.092;0.902;0.000;0.005;0.000;0.000;0.000;0.000
Wrexham;Unknown (LAB gain from CON);6;Clwyd;49737;6899;13670;1158;5022;892;3943;0;410;0.062;0.916;0.000;0.016;0.000;0.006;0.000;0.000
Ynys Mon;Unknown (LAB gain from CON);6;Gwynedd;51925;5748;13586;601;5481;479;10818;0;214;0.017;0.700;0.000;0.013;0.000;0.269;0.000;0.000
Aberdeen North;Kirsty Blackman;2;Grampian;62489;3839;12436;2238;2174;1283;16306;0;1815;0.001;0.287;0.001;0.000;0.000;0.710;0.000;0.000
Aberdeen South;Stephen Flynn;2;Grampian;65719;11053;11779;3770;2224;924;14496;0;2009;0.177;0.303;0.000;0.001;0.000;0.518;0.000;0.000
Aberdeenshire West and Kincardine;Andrew Bowie;2;Grampian;72640;15846;11649;4693;2556;1087;14657;0;2352;0.483;0.166;0.003;0.000;0.000;0.348;0.000;0.000
Airdrie and Shotts;Unknown (LAB gain from NAT);2;Glasgow area;64011;4111;18027;840;1870;0;14912;0;1138;0.000;0.677;0.000;0.000;0.000;0.323;0.000;0.000
Angus;Dave Doogan;2;Tayside;63952;11867;9002;1815;2024;811;15229;0;1776;0.230;0.092;0.000;0.000;0.000;0.678;0.000;0.000
Argyll and Bute;Brendan O'Hara;2;Argyll and Bute;66525;11072;11319;5414;2287;948;14496;0;2062;0.190;0.250;0.007;0.000;0.000;0.552;0.000;0.000
Ayr Carrick and Cumnock;Allan Dorans;2;Ayrshire and Lanark;71970;12407;13907;1660;2239;878;14270;0;1930;0.232;0.370;0.000;0.000;0.000;0.397;0.000;0.000
Ayrshire Central;Philippa Whitford;2;Ayrshire and Lanark;69742;10732;14107;1735;2218;860;15427;0;1897;0.102;0.384;0.000;0.000;0.000;0.514;0.000;0.000
Ayrshire North and Arran;Patricia Gibson;2;Ayrshire and Lanark;73534;9364;14505;1640;2565;1418;17096;0;1965;0.051;0.343;0.001;0.000;0.000;0.604;0.000;0.000
Banff and Buchan;David Duguid;2;Grampian;66655;15618;8946;1712;2039;842;11489;0;1833;0.708;0.083;0.000;0.000;0.000;0.209;0.000;0.000
Berwickshire, Roxburgh and Selkirk;John Lamont;2;Borders;74518;18325;11522;3040;2513;1065;13220;0;2308;0.671;0.120;0.000;0.000;0.000;0.209;0.000;0.000
Caithness Sutherland and Easter Ross;Jamie Stone;2;Highland;46930;1974;7705;10839;1539;684;7324;0;1468;0.002;0.192;0.646;0.000;0.000;0.159;0.000;0.000
Coatbridge, Chryston and Bellshill;Unknown (LAB gain from NAT);2;Glasgow area;72943;1387;24166;1255;2423;1170;16355;0;1774;0.000;0.843;0.000;0.000;0.000;0.156;0.000;0.000
Cumbernauld, Kilsyth and Kirkintilloch East;Stuart McDonald;2;Glasgow area;66079;2767;18256;2200;2147;792;18268;0;1765;0.001;0.497;0.000;0.000;0.000;0.502;0.000;0.000
Dumfries and Galloway;Alister Jack;2;Dumfries and Galloway;74580;15846;13140;2280;2421;987;13797;0;2155;0.466;0.250;0.000;0.000;0.000;0.284;0.000;0.000
Dumfriesshire, Clydesdale and Tweeddale;David Mundell;2;Dumfries and Galloway;68330;15839;12267;2522;2306;959;11978;0;2086;0.553;0.241;0.000;0.000;0.000;0.205;0.000;0.000
Dunbartonshire East;Unknown (LIB gain from NAT);2;Glasgow area;66075;2142;13124;17759;2676;1387;12413;0;2737;0.000;0.229;0.597;0.000;0.000;0.174;0.000;0.000
Dunbartonshire West;Unknown (LAB gain from NAT);2;Glasgow area;66517;1939;19574;1464;2301;1166;16427;0;2405;0.000;0.679;0.000;0.000;0.000;0.321;0.000;0.000
Dundee East;Stewart Hosie;2;Tayside;66210;6125;13443;2631;2172;842;18619;0;2173;0.006;0.226;0.000;0.000;0.000;0.767;0.000;0.000
Dundee West;Unknown (LAB gain from NAT);2;Tayside;64431;1113;17598;1885;2041;839;17343;0;2075;0.000;0.517;0.000;0.000;0.000;0.483;0.000;0.000
Dunfermline and West Fife;Unknown (LAB gain from NAT);2;Fife;76652;5513;21642;3109;2835;1584;16589;0;2186;0.003;0.732;0.000;0.000;0.000;0.265;0.000;0.000
East Kilbride, Strathaven and Lesmahagow;Unknown (LAB gain from NAT);2;Ayrshire and Lanark;81224;6024;21961;2812;2970;1583;18831;0;2852;0.001;0.657;0.000;0.000;0.000;0.341;0.000;0.000
East Lothian;Unknown (LAB gain from NAT);2;Edinburgh area;81600;9100;26838;3011;2793;1078;13514;0;2879;0.009;0.922;0.000;0.000;0.000;0.069;0.000;0.000
Edinburgh East;Unknown (LAB gain from NAT);2;Edinburgh area;69424;1910;21462;2584;2896;1939;17755;0;2019;0.000;0.692;0.000;0.000;0.000;0.308;0.000;0.000
Edinburgh North and Leith;Unknown (LAB gain from NAT);2;Edinburgh area;81336;4963;24001;5126;3422;2179;18521;0;2809;0.003;0.736;0.000;0.000;0.000;0.261;0.000;0.000
Edinburgh South;Ian Murray;2;Edinburgh area;66188;3173;32443;2870;2734;1581;6175;0;2048;0.000;1.000;0.000;0.000;0.000;0.000;0.000;0.000
Edinburgh South West;Joanna Cherry;2;Edinburgh area;73501;7297;17023;3680;2896;1706;18320;0;2494;0.011;0.436;0.000;0.000;0.000;0.552;0.000;0.000
Edinburgh West;Christine Jardine;2;Edinburgh area;72507;3741;13481;20498;2865;1524;10867;0;2275;0.002;0.182;0.739;0.000;0.000;0.076;0.000;0.000
Falkirk;Johnny McNally;2;Central;84472;8343;15688;2997;3165;1979;22268;0;2367;0.016;0.228;0.000;0.000;0.000;0.755;0.000;0.000
Fife North East;Wendy Chamberlain;2;Fife;60905;1499;9213;19183;2230;856;12816;0;0;0.000;0.049;0.794;0.000;0.000;0.157;0.000;0.000
Glasgow Central;Unknown (LAB gain from NAT);2;Glasgow area;69230;174;19938;1561;2280;1382;15055;0;1532;0.000;0.772;0.000;0.000;0.000;0.228;0.000;0.000
Glasgow East;Unknown (LAB gain from NAT);2;Glasgow area;67381;1938;19256;1301;1857;660;13875;0;1482;0.000;0.803;0.000;0.000;0.000;0.197;0.000;0.000
Glasgow North;Unknown (LAB gain from NAT);2;Glasgow area;57130;361;18704;1939;2193;1394;13246;0;1596;0.000;0.800;0.000;0.000;0.000;0.200;0.000;0.000
Glasgow North East;Unknown (LAB gain from NAT);2;Glasgow area;61075;319;19117;910;1631;561;12028;0;1269;0.000;0.895;0.000;0.000;0.000;0.105;0.000;0.000
Glasgow North West;Unknown (LAB gain from NAT);2;Glasgow area;63402;2106;18011;2067;1921;710;14971;0;1581;0.000;0.708;0.000;0.000;0.000;0.291;0.000;0.000
Glasgow South;Unknown (LAB gain from NAT);2;Glasgow area;70891;1507;20710;2020;2450;1412;15979;0;1858;0.000;0.742;0.000;0.000;0.000;0.257;0.000;0.000
Glasgow South West;Unknown (LAB gain from NAT);2;Glasgow area;64575;674;19152;1145;1783;687;13173;0;1516;0.000;0.836;0.000;0.000;0.000;0.164;0.000;0.000
Glenrothes;Unknown (LAB gain from NAT);2;Fife;65672;2728;16916;1983;2032;850;16001;0;1846;0.000;0.558;0.000;0.000;0.000;0.441;0.000;0.000
Gordon;Richard Thomson;2;Grampian;79629;16046;12771;4321;2699;1142;16417;0;2475;0.370;0.198;0.001;0.000;0.000;0.431;0.000;0.000
Inverclyde;Unknown (LAB gain from NAT);2;Glasgow area;60622;2280;18198;1926;1897;699;14314;0;1557;0.000;0.736;0.000;0.000;0.000;0.263;0.000;0.000
Inverness Nairn Badenoch and Strathspey;Drew Hendry;2;Highland;78059;9633;14375;4352;3122;2018;19059;0;2598;0.054;0.283;0.001;0.000;0.000;0.661;0.000;0.000
Kilmarnock and Loudoun;Alan Brown;2;Ayrshire and Lanark;74517;6477;16629;1869;2275;849;18246;0;2301;0.006;0.425;0.000;0.000;0.000;0.569;0.000;0.000
Kirkcaldy and Cowdenbeath;Unknown (LAB gain from NAT);2;Fife;72853;4581;24062;2222;2721;1765;10520;0;2134;0.002;0.964;0.000;0.000;0.000;0.034;0.000;0.000
Lanark and Hamilton East;Unknown (LAB gain from NAT);2;Ayrshire and Lanark;77659;10796;19064;2242;2492;967;15082;0;2132;0.051;0.663;0.000;0.000;0.000;0.286;0.000;0.000
Linlithgow and East Falkirk;Unknown (LAB gain from NAT);2;Edinburgh area;87044;7983;20873;3239;3107;1768;17960;0;3206;0.013;0.622;0.000;0.000;0.000;0.364;0.000;0.000
Livingston;Unknown (LAB gain from NAT);2;Edinburgh area;82285;6391;20882;2607;2960;1687;18593;0;2231;0.004;0.604;0.000;0.000;0.000;0.391;0.000;0.000
Midlothian;Unknown (LAB gain from NAT);2;Edinburgh area;70544;5436;22412;2540;2356;0;14748;0;1950;0.001;0.840;0.000;0.000;0.000;0.158;0.000;0.000
Moray;Douglas Ross;2;Grampian;71035;15430;10230;1678;2271;913;14726;0;2402;0.480;0.102;0.000;0.000;0.000;0.417;0.000;0.000
Motherwell and Wishaw;Unknown (LAB gain from NAT);2;Glasgow area;68856;2637;20770;1295;2045;725;14698;0;2248;0.000;0.809;0.000;0.000;0.000;0.191;0.000;0.000
Na h-Eileanan An Iar (Western Isles);Unknown (LAB gain from NAT);2;Western Isles;21106;1723;6520;503;710;0;5013;0;572;0.000;0.738;0.000;0.000;0.000;0.262;0.000;0.000
Ochil and South Perthshire;John Nicolson;2;Tayside;78776;14843;13960;2319;2668;1059;18630;0;2695;0.212;0.203;0.000;0.000;0.000;0.585;0.000;0.000
Orkney and Shetland;Alistair Carmichael;2;Orkney and Shetland;34211;112;6211;10580;1219;536;5207;0;0;0.000;0.095;0.851;0.000;0.000;0.053;0.000;0.000
Paisley and Renfrewshire North;Unknown (LAB gain from NAT);2;Glasgow area;72007;6222;20432;2831;2484;950;17778;0;0;0.004;0.655;0.000;0.000;0.000;0.341;0.000;0.000
Paisley and Renfrewshire South;Unknown (LAB gain from NAT);2;Glasgow area;64385;3211;17956;2190;2060;767;16301;0;1706;0.000;0.607;0.000;0.000;0.000;0.393;0.000;0.000
Perth and North Perthshire;Pete Wishart;2;Tayside;72600;12863;11449;2682;2528;1062;19536;0;2304;0.153;0.108;0.000;0.000;0.000;0.738;0.000;0.000
Renfrewshire East;Kirsten Oswald;2;Glasgow area;72232;12594;15685;2981;2589;1041;17176;0;2278;0.133;0.383;0.000;0.000;0.000;0.483;0.000;0.000
Ross Skye and Lochaber;Ian Blackford;2;Highland;54230;2785;9208;8637;1902;793;13867;0;2448;0.001;0.188;0.092;0.000;0.000;0.718;0.000;0.000
Rutherglen and Hamilton West;Unknown (LAB gain from NAT);2;Ayrshire and Lanark;80918;2381;29984;1931;2757;713;13771;0;2540;0.000;0.970;0.000;0.000;0.000;0.030;0.000;0.000
Stirling;Alyn Smith;2;Central;68473;11197;12575;2113;2670;1403;19482;0;2128;0.072;0.162;0.000;0.000;0.000;0.765;0.000;0.000
Antrim East;Sammy Wilson;1;Antrim;64830;5602;649;12927;10244;961;2576;0;4302;0.019;0.000;0.655;0.307;0.000;0.004;0.000;0.014
Antrim North;Ian Paisley;1;Antrim;77134;8334;2218;16170;6468;0;6281;0;4581;0.081;0.000;0.826;0.039;0.000;0.040;0.000;0.013
Antrim South;Unknown (CON gain from LIB);1;Antrim;71711;12613;1646;10731;8285;333;5437;0;3929;0.537;0.001;0.311;0.114;0.000;0.030;0.000;0.006
Belfast East;Unknown (Reform gain from LIB);1;Antrim;66245;2688;0;16332;19374;438;0;0;3613;0.000;0.000;0.310;0.690;0.000;0.000;0.000;0.000
Belfast North;John Finucane;1;Antrim;72225;0;0;16033;4967;359;23641;0;4037;0.000;0.000;0.180;0.000;0.000;0.819;0.000;0.001
Belfast South;Claire Hanna;1;Antrim;69984;1442;25750;6962;6900;397;657;0;5243;0.000;0.990;0.003;0.003;0.000;0.000;0.000;0.003
Belfast West;Paul Maskey;1;Antrim;65644;1220;3266;1489;3834;1718;21624;0;5630;0.000;0.000;0.000;0.000;0.000;0.997;0.000;0.002
Down North;Stephen Farry;1;Down;67099;10486;0;0;19099;555;0;0;10502;0.046;0.000;0.000;0.909;0.000;0.000;0.000;0.045
Down South;Chris Hazzard;1;Down;79175;3495;13120;2804;7033;408;16812;0;6089;0.002;0.285;0.003;0.029;0.000;0.662;0.000;0.018
Fermanagh and South Tyrone;Michelle Gildernew;1;Fermanagh;72848;21963;2497;0;2691;0;22100;0;1511;0.490;0.000;0.000;0.000;0.000;0.510;0.000;0.000
Foyle;Colum Eastwood;1;Londonderry;74346;1754;26140;285;2310;0;10565;0;6089;0.000;0.975;0.000;0.000;0.000;0.023;0.000;0.002
Lagan Valley;Jeffrey Donaldson;1;Antrim;75735;8849;1726;14811;13759;687;0;0;5573;0.056;0.000;0.520;0.410;0.000;0.000;0.000;0.013
Londonderry East;Gregory Campbell;1;Londonderry;69246;3756;5055;11667;6019;342;6694;0;5769;0.014;0.036;0.671;0.082;0.000;0.120;0.000;0.076
Newry and Armagh;Mickey Brady;1;Armagh;81226;4431;8142;5989;4487;0;21044;0;6686;0.002;0.023;0.012;0.005;0.000;0.944;0.000;0.014
Strangford;Jim Shannon;1;Down;66928;4161;1434;13715;10720;1089;1050;0;5316;0.003;0.000;0.688;0.289;0.000;0.001;0.000;0.018
Tyrone West;rfhlaith Begley;1;Tyrone;66259;2999;6415;4997;4393;0;17228;0;5153;0.001;0.021;0.005;0.005;0.000;0.956;0.000;0.011
Ulster Mid;Francie Molloy;1;Tyrone;70449;2812;5236;6494;3770;0;21143;0;5165;0.000;0.003;0.007;0.000;0.000;0.987;0.000;0.001
Upper Bann;Carla Lockhart;1;Armagh;82887;7213;4635;17219;7650;0;13328;0;0;0.024;0.004;0.660;0.036;0.000;0.275;0.000;0.000
